187305
597332
313167
103890
75926
47145
37867
28396
24073
19457
17140
14449
13092
11351
10548
9360
8580
7852
7384
6596
6281
5830
5425
5107
4960
4544
4264
4108
3970
3766
3545
3385
3224
3016
2916
2783
2718
2653
2503
2350
2291
2151
2120
2066
2020
1931
1883
1799
1770
1749
1748
1641
1532
1535
1547
1439
1409
1423
1355
1268
1272
1282
1219
1136
1144
1148
1204
1109
1066
1026
1062
983
978
943
919
897
889
880
842
853
823
860
854
734
765
706
731
726
694
711
630
673
680
636
620
633
588
632
526
657
573
548
593
548
553
514
537
496
516
522
474
479
496
483
463
501
487
454
456
442
419
422
420
384
444
439
396
400
377
395
393
379
368
370
383
337
352
351
377
365
339
308
357
333
318
321
312
284
288
285
303
284
267
282
269
287
298
297
270
274
278
283
277
270
248
278
217
264
265
230
279
234
293
227
246
224
245
219
248
247
221
215
229
218
223
208
222
224
244
193
203
214
211
219
206
215
196
194
177
187
185
205
182
173
185
210
178
167
162
156
168
175
171
163
140
178
156
148
188
142
170
133
161
169
132
157
145
160
144
145
139
124
126
132
117
156
145
132
141
143
154
134
145
153
140
125
133
125
141
135
128
144
130
112
113
123
140
131
114
117
107
95
98
106
113
119
99
148
117
92
92
130
108
112
94
117
101
99
106
99
101
102
94
102
91
120
86
76
102
95
81
99
118
97
107
90
88
89
111
90
76
95
81
74
90
73
95
101
78
89
91
80
103
94
101
108
79
83
66
72
75
91
80
81
73
78
71
77
70
88
84
68
75
84
82
79
82
77
71
69
83
74
65
75
63
64
61
81
67
82
66
78
68
70
70
67
57
73
73
70
66
66
72
66
54
55
74
49
58
61
51
56
57
64
77
79
67
48
59
39
61
57
63
59
52
59
57
62
42
47
65
52
47
78
59
71
53
59
67
53
58
54
58
62
60
56
47
50
54
63
45
53
49
44
52
53
43
56
50
60
46
46
43
40
48
59
50
52
53
42
55
40
51
41
56
65
48
46
57
48
47
42
38
40
60
41
44
45
51
39
45
38
36
42
37
41
44
34
40
40
52
32
50
40
32
32
47
34
44
44
50
44
36
45
32
39
43
36
39
49
37
44
31
41
29
38
43
37
41
34
40
49
41
43
38
39
45
35
35
40
36
28
36
34
35
18
32
32
44
38
33
27
28
31
37
31
33
28
27
32
42
32
29
36
31
23
36
36
35
31
31
29
24
24
46
37
30
36
33
36
38
35
36
38
32
24
30
28
33
30
29
30
28
32
36
35
28
26
21
27
32
36
37
33
36
31
34
32
31
28
33
23
29
39
19
32
29
31
21
39
25
28
36
37
24
27
29
23
20
20
28
27
24
27
20
25
28
19
41
26
25
24
25
18
29
29
28
19
27
25
30
26
27
23
21
24
26
35
22
23
24
28
26
23
22
20
23
23
22
22
31
23
27
30
27
21
25
22
24
13
24
30
23
25
29
26
28
22
18
25
22
24
21
26
18
29
28
24
27
17
21
17
23
25
15
19
27
26
32
22
21
25
21
18
29
16
20
22
24
15
23
13
12
17
24
27
17
19
23
18
22
22
18
18
24
14
17
21
24
22
16
19
16
16
16
21
18
9
15
24
19
20
20
21
16
17
26
19
16
29
19
18
19
19
22
18
19
11
23
18
15
14
16
15
14
20
18
16
23
17
13
8
21
20
21
19
18
21
15
18
15
17
23
20
12
17
16
19
16
13
26
20
25
19
19
16
19
13
23
20
14
25
16
19
21
18
18
14
20
22
19
16
20
11
19
14
14
17
19
18
14
13
20
21
12
12
15
15
12
19
17
14
15
16
11
18
13
16
22
14
14
12
15
20
11
15
9
17
8
19
9
16
15
13
15
16
16
10
10
14
18
13
17
11
12
18
19
14
15
13
8
13
18
11
12
13
20
17
16
12
23
18
15
16
12
11
12
13
16
11
9
13
16
7
6
13
16
8
12
11
13
7
13
13
10
16
14
11
11
12
13
8
12
13
16
18
12
16
12
22
16
7
14
16
11
10
8
13
15
8
8
13
11
13
9
15
13
4
17
10
13
12
11
11
7
9
14
11
11
11
11
9
11
9
20
10
11
6
10
15
9
9
16
10
15
12
10
15
8
14
11
10
13
15
16
14
13
16
9
16
11
7
13
11
16
8
11
6
13
6
14
11
13
10
10
4
9
16
11
10
11
17
11
7
19
12
11
7
7
8
10
13
11
7
10
12
9
13
12
17
19
7
15
9
16
6
8
9
4
9
16
15
8
4
5
8
6
14
12
10
9
11
13
14
8
13
11
11
15
10
6
7
9
5
15
8
6
18
11
15
13
9
9
8
7
13
15
5
9
5
12
8
8
12
6
13
6
11
11
13
9
7
14
11
9
7
7
9
14
7
11
10
17
12
10
12
10
7
9
10
6
8
7
6
7
13
11
4
8
15
12
7
6
6
9
16
8
5
6
5
7
11
7
6
9
14
5
10
7
10
8
12
9
10
7
15
7
5
11
6
8
1
9
7
10
8
7
5
8
7
6
6
11
9
9
8
9
7
9
8
11
5
5
5
6
8
7
4
5
10
7
11
7
8
11
4
7
10
8
10
6
11
2
7
5
6
9
6
11
3
5
8
7
11
11
9
11
10
5
7
9
11
9
8
4
7
9
6
7
9
9
9
9
16
11
5
5
6
4
8
7
12
8
3
5
6
13
9
7
7
10
7
10
8
5
5
4
7
4
8
7
6
5
6
4
5
12
7
8
7
7
4
5
2
3
8
4
4
6
11
4
7
7
6
8
12
6
4
7
4
6
8
9
9
10
9
6
6
4
4
5
7
6
9
4
5
2
6
4
5
6
9
6
5
6
4
3
4
11
5
7
8
4
10
5
3
11
6
8
9
8
8
9
7
7
7
5
3
2
5
4
7
3
3
11
4
5
10
8
5
6
8
5
8
5
7
6
6
7
4
12
10
9
6
5
3
5
3
4
6
4
7
10
5
8
2
4
1
10
5
4
5
5
4
7
4
5
8
3
8
10
5
5
1
3
3
6
8
6
3
3
8
4
7
7
3
3
7
9
1
4
3
3
7
3
5
9
4
8
4
7
6
8
8
5
2
7
7
3
7
6
7
7
8
5
6
3
6
8
1
4
1
4
3
5
2
4
9
4
4
15
3
6
1
4
4
3
0
7
8
6
3
2
6
9
5
4
3
3
4
6
6
6
3
7
9
5
10
4
7
2
7
4
10
7
4
5
9
3
4
8
5
3
6
7
6
2
5
6
5
4
6
3
8
2
7
4
3
6
1
7
5
3
7
8
4
4
7
6
4
9
4
10
3
6
6
6
5
4
6
6
5
3
7
7
6
3
4
4
4
4
7
4
2
5
4
4
11
6
5
4
3
5
10
2
1
6
4
6
3
5
7
5
4
5
3
1
4
6
11
4
2
3
2
5
10
3
4
2
4
4
7
2
3
7
6
5
4
2
6
6
5
8
8
2
2
9
4
5
9
2
9
2
6
4
7
5
7
4
4
7
1
2
2
3
6
4
3
6
4
2
5
3
3
5
6
5
7
6
4
5
5
11
4
0
5
5
3
3
4
1
2
5
6
4
5
3
3
6
4
4
1
3
4
2
4
4
3
5
4
2
1
3
2
1
6
8
6
5
3
6
8
5
3
1
4
2
3
3
4
5
6
4
6
10
2
6
3
6
6
8
4
6
2
2
4
2
2
5
3
2
3
5
9
3
3
5
5
3
4
7
4
1
3
4
4
6
5
7
3
1
5
6
7
5
4
5
2
1
2
3
5
2
5
5
5
5
2
2
3
3
1
2
3
4
4
5
2
3
8
5
2
4
2
3
3
2
2
3
4
4
2
2
4
4
5
3
4
3
3
6
3
4
6
2
1
5
2
3
3
4
5
5
5
7
2
6
8
2
3
1
3
3
6
4
3
5
2
6
3
6
4
5
6
1
4
6
6
3
5
3
3
6
5
5
7
2
1
6
5
6
2
2
7
4
2
4
3
4
4
3
5
3
7
5
8
6
4
5
3
2
3
5
6
4
3
4
0
2
4
5
4
3
5
0
5
6
2
1
5
4
4
4
3
1
5
4
3
6
5
5
4
7
4
3
3
3
3
6
4
3
4
10
3
5
5
0
5
2
5
3
3
1
3
4
9
3
5
3
2
3
1
4
5
2
5
6
5
5
4
6
3
0
0
2
1
5
3
5
2
6
3
2
1
5
3
2
2
3
2
2
5
3
4
3
4
4
5
3
3
6
4
1
2
3
3
4
3
2
3
3
1
6
2
1
5
2
1
1
0
0
0
6
4
1
2
4
3
4
4
2
0
2
4
2
2
2
1
5
3
1
3
2
3
2
3
4
3
0
4
3
2
2
4
3
3
3
2
1
2
6
2
2
3
0
0
1
2
2
4
2
3
2
1
2
0
1
4
4
3
3
3
1
2
3
1
3
2
1
3
2
3
2
3
3
3
0
4
2
2
3
3
3
2
2
2
2
2
2
3
2
2
4
2
2
5
2
0
6
2
1
1
0
4
4
2
4
3
1
1
3
0
1
0
5
4
2
2
4
3
1
2
4
4
0
2
2
3
2
1
0
4
2
3
2
3
3
5
1
3
3
1
1
2
1
1
1
3
0
1
1
1
1
1
2
1
2
1
3
1
1
1
5
0
2
1
1
1
2
0
2
1
4
4
2
2
1
4
3
3
3
2
2
0
2
1
2
4
1
5
5
0
3
3
2
1
3
1
3
3
0
1
3
2
3
2
3
3
5
3
1
2
0
2
2
3
1
3
4
2
2
0
1
2
5
3
3
4
6
1
2
2
1
2
4
0
3
1
1
