264424
424118
116700
53783
35743
25337
19441
15635
13177
11379
9725
8616
7651
6872
6317
5796
5364
4934
4453
4230
3873
3687
3517
3199
2928
2949
2809
2630
2474
2433
2272
2248
2045
2007
1912
1844
1847
1696
1658
1630
1472
1426
1506
1363
1401
1355
1325
1192
1169
1216
1134
1123
1073
1048
1073
968
959
950
920
925
888
855
842
839
782
782
768
753
736
706
712
633
653
658
588
542
645
599
601
571
561
544
551
520
565
548
532
484
501
498
477
489
441
456
425
455
428
417
399
425
378
408
403
405
401
416
403
361
344
344
358
365
381
331
350
334
347
330
339
321
322
291
292
306
283
299
310
295
270
273
255
274
229
252
277
227
264
249
236
251
230
253
220
271
242
218
220
221
225
220
230
207
184
208
178
191
214
221
186
183
172
188
201
186
212
181
170
173
191
165
200
189
178
165
190
188
171
168
155
164
151
165
171
153
156
153
146
161
143
167
155
171
141
140
137
140
154
153
144
148
120
145
137
145
138
145
110
131
133
139
124
131
121
129
120
118
110
122
98
122
123
113
123
112
126
116
108
130
124
105
122
118
95
102
98
107
104
98
103
103
108
100
107
76
92
90
94
106
93
83
102
91
105
114
101
106
84
91
101
95
98
84
89
86
74
101
89
100
80
83
86
110
99
91
74
77
85
93
86
73
84
74
92
88
73
74
71
80
78
70
75
75
71
78
63
69
76
72
75
60
77
70
70
73
70
74
61
59
74
68
68
69
79
58
52
71
61
56
73
60
65
60
54
69
61
58
51
62
69
65
59
60
63
61
59
64
62
64
50
60
53
56
53
64
64
75
64
61
60
49
49
51
65
55
41
56
51
57
49
55
60
50
34
41
50
43
57
46
62
46
48
53
52
52
41
41
47
58
53
46
45
51
47
49
42
52
46
40
45
55
43
40
49
45
44
53
56
49
39
40
38
42
36
48
28
61
42
52
47
32
56
59
31
51
59
50
43
44
49
31
47
42
41
52
38
35
39
38
45
51
37
47
55
43
35
37
32
43
41
35
41
33
49
32
40
31
42
28
42
26
30
40
40
27
38
33
35
35
44
45
39
35
39
25
28
34
36
39
32
34
37
35
25
28
30
24
34
22
39
32
27
32
35
35
36
35
36
31
33
34
29
36
32
26
36
35
33
29
31
33
33
34
29
37
38
31
31
29
29
22
25
33
25
30
34
23
32
28
18
24
22
30
25
35
23
29
37
21
25
27
25
30
46
22
33
23
38
25
34
32
33
27
28
18
17
30
36
24
25
26
28
27
21
30
29
23
31
24
25
27
24
26
30
29
21
23
23
36
16
24
28
32
33
25
24
23
20
29
20
24
29
28
18
22
28
27
18
22
17
26
28
23
22
26
24
23
25
29
24
27
23
22
28
18
18
17
23
30
23
24
32
14
28
18
19
24
22
25
32
19
17
18
26
16
29
12
15
17
16
19
22
19
27
25
21
16
14
15
28
21
20
15
14
24
17
16
25
17
24
28
22
19
19
16
18
21
22
19
23
20
10
15
22
22
24
14
20
19
20
19
10
26
24
18
16
17
19
12
19
12
21
15
16
21
20
22
15
16
18
17
17
15
18
23
21
14
14
14
25
13
17
20
21
19
12
19
13
17
19
17
16
15
11
16
11
12
13
20
17
12
9
16
24
18
13
16
9
23
8
20
16
14
13
12
25
12
18
16
14
14
16
17
19
14
19
25
20
15
22
18
18
14
22
18
16
22
9
11
13
11
13
11
15
4
13
14
15
13
18
17
26
22
19
10
16
16
11
15
12
17
8
13
7
11
14
12
17
18
21
14
13
16
12
24
15
25
18
15
7
12
15
20
18
10
13
20
10
9
20
30
10
14
18
18
12
16
11
12
12
8
11
13
20
22
9
14
15
18
21
16
13
13
12
10
17
9
14
15
12
14
12
19
16
14
6
8
16
15
10
12
14
16
19
12
11
10
8
9
9
10
7
14
14
12
11
12
10
17
13
14
13
15
12
13
17
8
14
11
10
14
10
13
10
13
10
18
12
8
11
11
2
17
10
11
10
4
10
10
6
10
11
10
13
11
14
10
10
8
8
13
12
17
14
9
15
11
5
12
12
12
10
16
7
8
7
13
10
13
9
12
18
13
15
9
12
9
14
17
7
22
12
7
4
5
17
9
11
8
7
6
5
5
11
12
3
8
10
5
11
12
12
15
8
10
8
9
6
10
11
11
11
13
12
14
11
12
7
7
16
10
14
7
11
8
19
13
8
9
12
14
10
6
9
9
11
10
10
9
10
9
4
17
18
13
8
9
7
8
7
2
7
4
9
6
12
10
14
6
10
15
11
12
13
8
6
10
10
12
12
3
8
11
12
11
12
5
7
9
9
13
12
7
9
3
10
13
10
7
6
8
10
9
11
8
11
11
10
11
16
3
6
7
11
12
8
10
8
5
3
15
16
11
8
14
12
12
9
10
11
4
7
10
8
4
14
7
11
8
7
11
7
8
4
7
10
8
7
11
12
6
13
10
7
6
9
8
12
13
2
8
10
5
6
9
4
6
8
9
5
7
14
6
4
10
7
7
12
9
7
4
4
7
6
6
7
9
10
7
7
4
7
5
8
14
5
2
6
9
8
7
8
5
7
9
10
12
10
4
6
9
6
7
4
3
7
7
8
8
11
8
8
13
5
14
6
4
8
6
5
6
8
14
10
10
4
7
4
10
5
4
6
4
5
10
4
3
6
8
6
8
7
9
9
7
4
7
4
9
8
8
6
4
8
8
2
7
10
8
7
7
13
7
9
7
7
7
8
5
10
7
8
7
9
4
12
11
4
14
6
9
7
9
5
8
8
6
9
5
12
8
7
11
4
4
9
9
9
12
6
10
3
6
9
7
8
13
9
4
5
4
4
8
7
6
4
3
5
8
5
7
4
6
7
5
11
7
10
7
7
7
7
3
5
7
8
8
3
10
10
4
6
9
11
11
5
6
5
8
5
6
6
4
3
5
7
4
8
7
9
7
10
10
4
5
8
8
6
8
9
6
9
3
3
5
6
9
6
5
5
6
5
6
4
8
9
7
9
5
5
3
8
8
3
7
3
2
7
3
4
4
9
10
8
5
8
7
6
9
7
1
2
5
5
8
7
6
7
6
6
3
6
8
5
5
3
7
4
8
3
4
3
4
9
5
2
6
6
6
6
7
7
8
6
6
5
3
4
4
11
6
3
5
4
5
6
7
4
5
4
3
5
4
8
9
4
7
4
10
5
8
4
7
6
7
5
6
8
8
3
6
7
2
4
5
5
8
7
4
5
11
6
4
6
6
4
7
3
2
8
4
5
4
7
2
9
7
5
6
2
3
3
4
3
4
10
6
5
5
3
5
5
7
3
5
6
10
4
2
5
5
8
2
3
11
4
2
4
7
7
2
7
6
3
1
6
4
2
4
7
8
7
5
7
7
4
7
4
7
3
6
5
7
5
6
7
3
7
2
4
7
4
6
3
6
3
6
6
4
4
5
2
7
6
0
5
7
7
5
3
3
2
8
6
7
6
4
8
6
10
7
5
0
3
4
7
6
8
5
7
4
4
1
6
5
4
4
3
3
6
2
3
10
3
5
8
1
2
8
4
7
2
6
7
5
2
6
2
4
3
4
6
5
6
6
6
7
3
3
4
8
5
6
7
3
4
4
4
2
4
4
3
7
2
2
2
1
4
4
7
3
5
4
5
5
2
6
4
5
2
5
4
6
6
9
6
5
5
4
2
4
6
2
6
2
6
5
4
6
2
3
8
3
3
5
3
3
7
6
5
5
5
4
3
4
4
4
5
4
6
4
5
9
2
3
1
4
4
7
2
1
3
3
2
4
3
7
6
7
3
6
3
8
2
4
4
6
4
3
5
2
8
9
7
6
1
2
7
4
4
2
4
6
5
4
8
0
2
3
5
2
2
5
4
8
5
6
2
4
5
6
3
4
9
5
4
3
1
1
3
2
1
6
5
2
8
4
8
7
2
6
3
6
1
5
6
11
3
7
5
7
5
2
5
1
6
2
5
5
2
8
4
9
4
6
10
5
2
4
4
4
5
6
2
6
7
2
7
0
4
2
5
7
2
2
5
3
5
1
9
4
2
2
7
6
5
5
4
2
1
4
5
7
2
3
8
6
6
4
4
0
1
5
6
2
3
2
4
5
4
4
6
4
2
4
4
7
3
3
6
3
6
11
6
5
4
8
2
1
7
5
4
6
4
7
1
4
6
8
6
5
4
3
2
1
6
7
3
4
1
5
3
2
4
6
2
5
3
4
3
11
5
3
4
5
2
8
8
7
5
0
4
4
4
2
1
5
7
8
1
4
4
4
8
6
2
2
3
5
3
7
6
4
7
5
4
6
3
3
4
4
5
6
7
4
6
2
6
3
4
2
3
5
5
3
6
4
0
2
4
7
4
4
4
3
1
6
6
4
10
10
6
5
4
2
5
2
3
7
2
3
3
7
4
7
7
4
5
5
1
3
4
6
3
4
3
3
2
2
5
5
2
2
1
5
2
3
5
6
5
6
3
2
2
2
0
6
5
3
6
1
6
7
7
3
4
8
3
0
5
5
3
4
3
4
2
4
2
6
5
4
5
2
4
1
7
6
5
1
4
3
0
2
3
1
7
2
5
3
5
4
4
3
7
3
4
2
1
5
9
3
4
1
7
6
6
4
2
2
4
2
7
3
5
5
7
3
6
3
4
6
3
3
4
5
4
2
3
6
1
4
2
6
3
4
4
6
7
4
4
8
5
5
6
3
5
7
3
0
5
4
5
3
7
5
4
6
7
8
5
3
5
8
2
4
0
8
10
7
6
3
6
10
9
7
7
9
5
5
4
14
13
11
8
7
6
4
1
1
2
