75277
80693
46708
31476
24893
20329
16976
14454
12891
11153
10227
9068
8466
7581
7113
6680
6041
5683
5459
4948
4717
4409
4154
4023
3776
3544
3523
3312
3116
2912
2939
2733
2681
2570
2488
2301
2411
2166
2128
2036
1962
1915
1896
1802
1776
1639
1683
1618
1534
1515
1479
1529
1348
1417
1362
1288
1262
1255
1200
1214
1166
1135
1159
1064
1089
1023
988
993
978
904
893
897
871
846
772
891
780
835
773
746
811
822
734
727
668
698
682
627
646
596
611
623
605
559
586
621
566
553
522
541
544
542
526
510
517
506
525
467
458
468
495
492
437
479
377
403
458
441
411
467
406
397
408
434
385
388
362
349
395
363
327
343
345
384
388
332
349
314
313
340
300
333
302
325
324
294
299
329
303
283
257
270
289
250
276
271
246
233
255
266
258
266
245
241
258
239
218
258
237
209
236
235
231
233
263
210
251
222
219
224
233
200
213
216
219
186
210
202
196
175
191
177
168
205
198
181
196
182
191
195
187
187
187
184
168
156
175
170
159
158
164
184
156
148
141
155
156
158
156
151
198
125
160
172
147
151
116
154
166
155
150
147
145
122
150
153
149
108
136
145
122
139
139
116
136
132
102
126
120
145
126
118
129
117
139
138
104
117
136
110
134
127
115
123
114
121
97
99
119
116
121
86
92
123
105
103
103
100
113
99
111
98
102
98
118
82
107
88
120
109
93
105
84
98
90
99
92
89
103
101
80
93
86
86
85
71
70
115
77
65
91
83
93
92
87
94
99
75
95
79
80
75
93
59
70
93
84
78
82
75
65
67
78
82
82
58
63
95
85
80
62
68
75
65
78
80
64
74
72
84
63
76
63
66
62
85
64
60
60
74
65
79
56
69
78
64
58
64
59
62
58
61
56
65
75
68
70
65
63
64
67
56
52
57
64
61
54
60
60
52
64
72
47
45
57
50
66
60
61
53
56
56
45
62
55
49
57
47
45
61
43
52
62
63
42
54
52
50
45
58
45
41
44
59
48
57
54
42
47
54
39
54
62
50
45
54
35
51
50
49
49
29
38
39
40
36
44
48
55
51
48
41
53
46
52
52
40
38
32
45
33
36
39
51
36
38
45
43
33
31
36
43
28
36
40
37
35
38
33
46
36
39
39
45
33
35
41
40
39
42
29
48
47
35
37
44
42
36
52
37
32
29
44
40
35
44
35
35
34
28
35
36
38
31
35
39
34
26
34
31
44
40
32
37
31
41
27
28
33
27
35
34
22
26
27
22
28
31
32
25
26
33
30
38
37
34
31
31
33
28
24
29
33
34
30
28
30
28
33
29
27
39
32
28
21
28
34
34
34
35
28
34
20
29
31
29
33
21
28
26
30
25
30
28
22
27
33
30
32
21
25
31
33
28
30
26
21
17
19
22
29
30
27
22
35
32
25
32
28
24
21
26
28
22
21
30
31
14
26
31
27
28
26
26
23
25
27
13
28
20
28
22
25
22
17
23
24
23
22
24
25
18
26
32
18
23
18
27
16
13
25
21
28
23
23
21
15
21
18
19
26
29
21
17
23
19
27
23
25
21
24
23
30
30
21
13
28
14
19
20
13
23
12
13
15
21
18
22
16
21
20
23
17
28
26
16
22
17
17
20
21
10
13
16
28
22
13
20
15
14
20
20
16
18
26
17
10
22
21
24
17
14
15
18
18
20
27
22
22
18
19
19
23
21
16
20
19
21
15
14
20
24
23
14
15
12
11
12
12
25
20
16
17
16
25
15
16
11
12
13
20
19
19
22
16
20
23
21
14
21
11
12
17
20
21
21
17
22
16
16
14
20
16
21
16
13
19
14
14
13
15
12
12
12
11
17
20
16
23
18
16
17
11
17
14
10
16
16
17
17
12
17
15
20
11
10
23
20
18
11
16
9
17
12
11
14
15
18
12
12
15
13
20
13
19
14
10
14
14
13
12
21
14
15
13
13
12
7
19
11
15
10
14
13
15
10
12
13
8
18
13
9
16
8
13
11
13
12
5
16
7
13
18
9
10
7
8
6
13
7
13
11
13
16
7
14
11
14
19
13
12
11
16
12
13
5
10
9
15
17
12
11
12
12
18
11
11
8
14
10
11
13
14
8
9
10
10
10
8
11
14
12
7
11
15
12
9
17
10
16
9
12
10
13
11
14
14
14
13
6
14
10
15
11
17
14
9
14
8
11
7
11
8
20
10
10
16
7
9
6
8
9
12
18
13
9
10
9
12
10
13
20
11
12
8
15
9
10
10
11
12
11
11
10
12
8
8
13
6
12
15
17
8
10
11
10
12
8
13
11
12
14
5
9
8
12
9
11
11
15
8
19
8
8
10
8
14
12
10
7
13
12
9
11
11
8
9
9
9
8
7
12
9
14
10
11
14
13
6
16
8
9
14
10
6
11
10
7
6
8
9
10
10
9
11
7
13
12
7
15
8
4
9
6
7
13
13
15
9
10
14
11
8
8
4
14
14
6
5
9
14
9
8
9
6
7
8
8
4
8
11
10
5
5
9
15
9
12
9
10
8
10
3
6
9
7
4
8
14
13
6
9
7
9
5
2
10
7
9
6
7
5
10
10
7
9
11
17
9
5
11
11
6
12
10
7
12
9
6
4
14
14
6
7
14
6
5
5
10
6
11
5
3
7
7
13
9
6
6
9
5
9
6
10
7
7
5
10
12
13
6
7
13
7
5
13
4
9
3
3
6
7
8
3
15
4
8
9
9
8
8
12
11
9
7
5
7
7
13
9
12
5
4
6
8
10
8
9
7
16
4
7
10
9
8
6
7
3
6
3
10
7
10
10
7
13
8
5
7
6
12
6
5
10
11
9
5
5
7
7
9
12
5
9
7
7
7
9
1
7
6
9
8
5
9
10
6
8
9
6
9
10
9
4
9
5
4
2
6
8
1
3
8
8
6
7
7
6
5
6
7
9
10
7
6
4
16
5
9
5
7
6
3
6
7
7
6
8
1
5
7
8
4
7
3
5
6
6
9
5
5
14
5
8
9
5
12
7
3
8
5
3
5
13
1
10
7
3
9
8
2
10
3
5
5
8
6
12
7
3
7
2
5
9
4
7
8
9
4
10
9
8
8
10
3
2
4
4
4
4
6
8
4
5
6
7
11
5
8
4
6
6
5
6
5
5
7
9
9
3
8
4
6
3
7
5
7
4
4
9
7
6
11
6
3
4
8
2
5
8
10
3
3
5
4
13
4
2
7
3
4
3
4
7
11
3
12
3
6
6
6
8
6
6
4
7
4
3
5
9
4
4
3
4
9
7
7
5
4
5
8
4
5
6
6
5
5
7
4
6
1
8
6
8
1
3
7
7
4
8
5
11
5
2
6
3
4
12
6
4
1
4
4
3
4
3
6
5
3
6
5
7
3
5
6
4
2
6
3
9
7
4
1
7
4
4
11
6
6
2
3
5
4
5
11
7
2
6
4
8
5
10
4
3
5
2
5
2
3
6
4
2
6
4
6
9
3
5
5
4
5
6
4
7
2
7
8
5
10
2
3
5
7
6
2
3
5
1
5
7
5
8
2
5
3
6
6
4
5
5
5
6
3
3
4
3
6
7
7
4
6
4
2
6
4
2
3
3
11
2
5
6
3
2
6
7
1
4
4
5
5
4
3
4
4
9
9
10
7
2
6
3
8
4
3
4
4
3
7
5
2
3
3
8
3
4
9
8
3
6
3
4
5
3
3
3
3
4
3
3
5
5
5
3
3
3
4
5
2
3
2
4
5
5
5
4
6
5
8
3
3
6
6
3
5
5
0
0
5
6
3
5
7
7
3
7
4
3
6
4
6
5
3
5
1
7
3
2
3
5
4
4
6
2
5
5
2
8
4
7
2
5
4
6
6
10
1
1
4
2
5
3
3
3
4
3
5
5
3
2
6
3
8
6
7
2
3
2
8
7
6
2
4
3
2
8
4
4
4
4
7
1
3
6
5
7
3
4
4
4
4
1
7
4
6
5
6
4
4
4
7
3
3
2
4
3
4
4
5
3
3
3
2
7
2
0
4
5
5
7
5
6
5
3
4
4
5
3
1
3
2
9
3
4
1
2
1
5
7
3
4
3
1
6
1
0
3
5
5
6
3
3
2
1
4
3
5
5
2
3
4
4
1
2
3
1
4
1
4
4
6
6
5
5
5
5
4
8
5
6
0
7
2
4
3
5
4
8
6
7
1
2
5
5
4
2
7
4
1
3
3
5
1
6
4
2
5
4
5
3
3
3
4
1
1
2
4
8
5
5
6
0
5
4
8
7
4
3
3
2
2
5
5
8
0
1
2
3
3
7
1
1
4
0
7
6
7
3
10
1
8
5
5
1
6
5
3
2
3
3
2
2
2
3
3
2
5
5
3
2
2
3
2
4
3
5
3
4
3
9
5
4
8
7
5
6
1
3
3
6
6
0
2
9
4
4
2
3
2
2
2
1
3
5
3
6
5
5
4
3
2
2
4
5
3
3
4
3
7
2
4
2
5
3
3
2
3
1
5
3
1
1
4
5
3
4
6
2
3
2
1
3
4
2
1
2
1
6
5
1
1
5
1
2
4
3
3
0
1
1
4
3
3
1
4
1
3
5
1
3
3
2
3
3
5
1
1
5
7
1
7
2
4
4
1
3
5
4
5
1
1
5
4
3
5
1
9
8
4
3
7
1
1
5
0
5
1
3
7
6
4
4
1
3
2
4
5
3
5
0
0
2
2
3
2
0
1
3
4
3
3
3
7
4
4
1
3
4
0
2
2
3
1
8
3
6
4
4
4
3
5
4
3
4
5
1
5
9
2
4
4
3
5
4
2
6
7
3
1
4
6
5
3
4
2
2
3
3
1
2
3
5
1
1
2
0
3
4
3
8
6
5
5
2
1
4
2
0
2
