15742,10940
14926,10316
15927,10834
15756,10660
14858,10109
15684,10809
15353,10855
15647,10743
15536,10477
15380,10645
14755,10111
15301,10698
15410,10650
15612,10927
15033,10282
15197,10399
15239,10438
15870,11008
15483,10697
15678,10772
16205,11006
14846,9971
15412,10603
15746,10710
15028,10340
16332,11114
15045,10425
16028,10938
15758,10784
15468,10641
15697,10874
16117,10938
15632,10711
15586,10826
15626,10789
15691,10642
15967,11095
16353,10958
14581,9781
15795,10939
16165,11008
15384,10661
15597,10749
15448,10509
15609,10691
15654,10643
15570,10849
15889,10791
16047,10660
15496,10892
15603,10333
15533,10757
15233,10350
15258,10496
15714,10829
15733,10679
14874,10226
15816,10827
15133,10061
15855,10771
15650,10902
15367,10563
15318,10290
15245,10442
15311,10641
15444,10778
15259,10381
15776,10738
15406,10726
15617,10730
15748,10891
15345,10537
15583,10609
15725,10811
15148,10549
15867,10950
15435,10598
15635,10835
16254,10859
15578,10550
15663,10771
15035,9954
15751,10856
14622,9618
15511,10704
15667,10815
15716,10715
15552,10692
14380,9881
14555,9863
16184,11185
15807,10725
14568,9911
15876,10826
15953,11080
15379,10624
15304,10243
15351,10532
15657,10775
15846,10885
15784,10862
16197,10953
16001,10815
15677,10666
15118,10320
15961,10885
15994,10840
15976,10756
15258,10601
15860,10841
15665,10715
16172,11074
15525,10857
15510,10676
15592,10776
15283,10594
15658,10862
15194,10294
15460,10749
14905,10241
15778,10505
15358,10800
15468,10542
14876,9859
15607,10878
15010,10314
15509,10775
15672,10643
15536,10643
15399,10507
15204,10373
14409,9798
15713,10694
15867,10773
15781,10903
15592,10801
15186,10479
15444,10219
15412,10723
15253,10413
16074,10970
15789,10734
15372,10365
15961,10886
15655,10648
14924,9836
15906,11048
15869,11061
15271,10498
15121,10485
15415,10615
15214,10504
15214,10392
14774,10704
15294,10392
16496,11109
15118,10467
14951,10398
15161,10574
15454,10738
14970,10447
15599,10667
15225,10513
15318,10730
15347,10618
15195,10549
16008,10893
15292,10568
15402,10731
15862,10790
16238,10994
15241,10646
15254,10465
15504,10702
15936,10986
15724,10910
15620,10751
15641,10758
15607,10885
15659,10653
15541,10748
15374,10652
15496,10678
15450,10784
15549,10728
16180,11124
15231,10545
16732,11172
15739,10961
15538,10574
15372,10635
16088,10801
15956,10788
15799,10852
15070,10027
15298,10340
15590,10736
15784,10776
15738,10937
15220,10447
15233,10526
16171,11211
15717,10873
16071,10791
15331,10345
14956,10469
14991,10399
15753,10944
14525,10130
15445,10584
15885,11033
15280,10491
15252,10434
15497,10650
15193,10322
15132,10446
14974,10563
15688,10872
15453,10650
15525,10911
14819,9918
16336,11253
16053,10934
15672,10714
15385,10481
15647,10719
15510,10477
15314,10556
14723,9707
16046,11076
15767,10897
15760,10890
15408,10583
15598,10645
15194,10649
15636,10611
15532,10689
14640,10039
15372,10612
15406,10558
15193,10448
15151,10651
15336,10605
15424,10555
15218,10504
15354,10746
15280,10642
15260,10646
15468,10705
14619,9994
15430,10722
15762,10850
15234,10685
15742,10865
15911,10848
14975,10470
15502,10352
15923,10934
15521,10799
15694,10831
16054,10822
15395,10799
15530,10490
15741,10939
15594,10756
15012,10256
15427,10468
14850,10239
15734,10750
15904,10954
15065,10372
15416,10678
15557,10829
15712,10855
15457,10715
15679,10716
15104,10438
15496,10750
15715,10638
15667,10709
15711,10787
16283,11027
15563,10846
15738,10820
15550,10654
15535,10703
15355,10440
15616,10728
15534,10803
15988,10670
15976,10822
15465,10719
15700,10678
16275,10951
16216,11037
15744,10753
15160,10341
15496,10696
15197,10378
15662,10972
15577,10653
15319,10630
15437,10571
15265,10541
15424,10722
15577,10782
15816,10812
14755,10202
15304,10497
15451,10616
15663,10725
15676,10526
15648,10949
15814,11001
13689,9018
15820,10827
15605,10740
15753,10861
16374,11273
15688,10851
15854,10868
15547,10837
15365,10683
15845,10895
15722,10792
15310,10647
15233,10189
15459,10473
15438,10532
15184,10429
14989,10462
15373,10665
15350,10379
15489,10811
15690,10717
15642,10730
13766,9229
15807,11088
15296,10297
15324,10573
15359,10518
15436,10747
15205,10460
15769,10841
15661,10691
15464,10634
15551,10745
15416,10707
15583,10621
15587,10744
15565,10687
15889,10897
15981,10791
15775,10823
16085,10780
14506,9783
15556,10682
15792,10733
15437,10570
15925,10958
15184,10268
15763,10796
15766,10761
15708,10713
15653,10569
16151,10800
15518,10866
14787,10191
16047,11014
15684,10561
15557,10654
15378,10620
15760,10867
15556,10776
15310,10355
15163,10510
15418,10464
15329,10512
15687,10730
15835,10920
15334,10853
15663,10839
15074,10540
15119,10282
16157,10984
16153,11149
15738,10947
15420,10780
15728,10587
15359,10632
15833,11085
14940,10291
15982,10970
15579,10725
15849,10709
15481,10543
14967,10404
15546,10711
15329,10543
15740,10866
15871,10976
15491,10730
15483,10665
15866,10962
15079,10288
15841,10875
15411,10568
15541,10647
15916,11121
15640,10641
15675,10728
15376,10559
15522,10596
15695,10745
15168,10342
15378,10687
15199,10425
15545,10827
15770,10989
16191,11261
15612,10607
15849,10726
15382,10527
16056,10847
15340,10717
15686,10789
15973,11027
15598,10706
14192,9378
15374,10562
15279,10746
15569,10624
16145,11119
14620,9904
15025,10121
16072,11086
14887,10119
15379,10700
14955,10169
15574,10788
15600,10661
15838,10959
15521,10733
15692,10720
15831,10878
15234,10589
15235,10087
15729,10871
15268,10606
15790,10877
15853,10763
15624,10731
16505,11390
16310,11083
15738,10635
16548,11340
15572,10850
15219,10576
15376,10473
15574,10839
15219,10560
15540,10884
14497,9820
15502,10514
15083,10521
14308,9552
15542,10852
15926,10961
15720,10781
15226,10594
15591,10826
15112,10615
15452,10716
15752,10873
15576,11007
15362,10540
15561,10469
15326,10349
15665,10972
14844,10061
15052,10578
14476,9598
15113,10485
16082,11229
14577,10039
16450,11221
16134,10975
15371,10560
15641,10917
15132,10351
15416,10690
15470,10725
15546,10837
15380,10588
15203,10566
15568,10925
15578,10767
15487,10893
15127,10282
15383,10506
15141,10388
14852,10022
15993,10825
15147,10406
15501,10601
15679,10870
15381,10774
15410,10495
15776,10731
14908,10282
15228,10662
15739,10793
15478,10477
15717,10760
15297,10492
15749,10814
15362,10396
16051,10910
15954,10940
14552,10032
15749,10611
15413,10714
15383,10568
15660,10693
15638,10443
15892,10807
15031,10100
16447,11355
14864,10045
15763,10864
14955,10334
16013,11050
15446,10920
16163,11073
15048,10186
16188,10944
14838,10389
16419,11309
14810,10390
15332,10395
15155,10438
16412,11218
15684,10793
15579,10511
14789,10135
14252,9504
15574,10745
15430,10542
15502,10590
15017,10267
15143,10526
15613,10618
16096,11223
15424,10632
15087,10400
15335,10490
15916,10876
15102,10421
15959,10936
15488,10811
15726,10756
15442,10892
16183,10979
16052,10658
15284,10622
15811,10935
14713,10117
15515,10673
15587,10580
15669,11024
15848,10876
15705,10716
15847,10826
16226,11199
15373,10605
15337,10373
14271,10367
15112,9914
13872,9730
15395,10630
15264,10424
14612,10349
15419,10622
15583,10800
15473,10765
15396,10777
15731,10726
14979,10279
15403,10817
15183,10463
15191,10289
16122,10927
14867,10051
16403,10930
15665,10759
15757,10780
15826,10725
15688,10756
15598,10834
15615,10823
15793,10707
16011,11040
15132,10632
15474,10685
15156,10537
15761,10911
15035,10337
15201,10293
15341,10650
15833,10962
16215,11133
15745,10776
15500,10723
14951,10048
15659,10809
15196,10452
15407,10634
15534,10590
15608,10693
15951,11107
15396,10554
15673,10698
15765,10836
15315,10505
15052,10311
15302,10533
15030,10388
15448,10665
15099,10274
15367,10531
15411,10656
15504,10910
14993,10145
15445,10753
15681,10782
15416,10481
15894,10900
15639,10841
15049,9982
16194,10974
15473,10670
15816,10957
15386,10872
15917,10964
15305,10444
15119,10375
15202,10289
16023,11135
15153,10620
15270,10161
15356,10580
15735,10782
15245,10558
15231,10585
15288,10407
15966,10957
14994,10326
15331,10558
15093,10493
15380,10377
15148,10386
15871,10783
15651,10797
15321,10766
15406,10708
15189,10365
14501,9754
15941,10899
15827,11067
15503,10601
15776,10754
15195,10403
15200,10402
15709,10822
14751,9750
14785,10235
15296,10626
15760,10609
15457,10589
15716,10778
15736,10562
15022,10314
15774,10878
15632,10770
14996,10247
16117,11098
16132,11093
14400,9587
15601,10796
15535,10655
15398,10778
15606,10855
15502,10802
15250,10581
15561,10826
15425,10615
15623,10824
15302,10736
15274,10652
15466,10646
15558,10526
15888,10887
16201,11170
15961,10741
14684,10160
15329,10522
15530,10636
15588,10649
14945,10237
15151,10539
16067,10849
15557,10894
16097,11032
16047,11038
15132,10651
14987,10308
15076,10332
15571,10784
15813,10660
15414,10301
15817,10824
16285,10886
14873,10389
15754,10821
15117,10230
15370,10377
15514,10753
15571,10737
15085,10424
15828,10850
15235,10694
15266,10341
15192,10519
15843,10892
16114,11042
15226,10551
15804,11038
15341,10519
14900,10453
15057,10157
16022,10784
15284,10581
15371,10375
14190,9770
14014,9352
15457,10610
15449,10723
15922,10761
15729,10958
15614,10739
15647,10592
15549,10638
15500,10446
16027,10904
15484,10657
15880,10801
15221,10685
15527,10548
15618,10956
15678,10659
15601,10671
15672,10886
15682,10860
15521,10693
15340,10775
15437,10754
15522,10541
15284,10402
14290,9805
15603,10773
15376,10584
15485,10696
15721,10786
15947,10791
15427,10670
15547,10706
15322,10546
15769,10976
15237,10320
15560,10716
15438,10848
15382,10467
15476,10681
15431,10578
14337,9982
15662,10771
15613,10716
15080,10407
15596,10559
15681,10809
14916,10131
15532,10580
15377,10670
15404,10702
15566,10750
15286,10603
15406,10554
15674,10743
15644,10746
15331,10779
15850,10733
14853,10181
16632,11566
15639,10671
15525,10679
15715,10774
15145,10345
15763,10755
15219,10515
15401,10663
15695,10638
15875,10788
15671,10766
15467,10474
15786,10945
15953,10939
15488,10662
15312,10748
15780,10776
15818,10891
15295,10570
14437,9737
15186,10312
16110,11045
15126,10437
15825,10844
15362,10560
15084,10320
14796,10348
15770,10851
14872,10348
15452,10537
15441,10556
15681,10725
15090,10420
15303,10305
16457,11292
15952,10614
14946,10194
15455,10636
15487,10657
15466,10636
15575,10787
15501,10758
14683,9931
15445,10811
15550,10823
14578,9872
16252,11115
16200,11179
15789,10736
15516,10833
16598,11324
15535,10568
16239,10801
15921,10959
16110,10967
15298,10465
15579,10570
15156,10433
15220,10346
15990,10602
16512,11377
15607,10839
15832,10772
15502,10595
15410,10414
16178,10819
15648,10611
15230,10591
15703,10632
15449,10854
15746,10584
16319,10965
15724,10838
15460,10758
15468,10776
15585,10662
15843,10765
15229,10701
15680,11092
15508,10775
15735,10772
14744,10127
15503,10784
15467,10547
16654,11274
15124,10644
16175,10769
14620,9883
15401,10678
15002,10363
15443,10717
15432,10578
15937,10730
15531,10765
15071,10384
15917,10806
15913,10955
15507,10692
15606,10659
16281,11263
14135,10237
15653,10733
15552,10642
15370,10657
15724,10856
15905,10783
15869,10852
15257,10306
15705,10631
16096,10781
15397,10661
15722,10796
15788,10867
15409,10513
15517,10648
15866,10947
16042,10753
15434,10795
15487,10932
15850,10910
15754,10680
15421,10850
15131,10449
15413,10638
15612,10775
14792,10100
15261,10612
15235,10408
15295,10471
15101,10265
15169,10336
15209,10475
15161,10429
15431,10711
15139,10594
16157,11062
14836,10418
15318,10543
15367,10622
15083,9968
14981,10090
14141,9641
15014,10288
15116,10226
15623,10869
15804,10886
16029,11113
15168,10399
15677,10807
15921,10785
15453,10656
15836,10716
15394,10677
15812,10927
15675,10685
16022,10807
14991,10113
15203,10459
16358,11243
15933,10806
15895,10964
14554,10094
15955,10927
15818,10912
15391,10644
15638,10576
15527,10732
15560,10826
15093,10457
15707,10719
15380,10337
15700,10596
15408,10659
16209,11006
14919,9893
15576,10544
15971,10793
15423,10762
15801,10599
15839,10889
15630,10837
15657,10903
15332,10564
15828,10895
15539,10472
15666,10628
15366,10756
15693,10693
15824,10900
14268,9397
15284,10737
15964,10756
15298,10496
16041,10669
15745,10898
15606,10914
15597,10649
15602,10744
15496,10505
15406,10385
15292,10158
15392,10415
15650,10724
15615,10667
15066,10459
15793,10885
15807,10751
15725,10916
14812,9862
15587,10663
15949,11118
14947,10327
15974,10969
15742,10859
15648,10712
15625,10742
16523,11506
15367,10674
14606,9783
15625,10858
15604,10844
15311,10620
15851,10919
15010,10348
15274,10601
14252,9436
14180,9411
14021,9351
14168,9310
13753,9319
13663,9222
14246,9600
14149,9461
14046,9426
14217,9601
15059,10394
14357,9622
14011,9496
15031,10541
13996,9192
14216,9435
14207,9469
16007,11188
13598,9004
13852,9211
13902,9246
15367,10906
13879,9464
15750,10986
15621,10825
13575,8890
15549,10746
15578,10822
15710,11069
15741,10845
15985,11119
15696,11021
15786,10996
15852,11151
15567,10858
15460,11113
15783,11100
15861,11167
15899,11210
13929,9529
16036,11011
15568,10937
15833,11079
15954,11152
15726,10971
15227,10789
14916,10667
