419018
90639
50176
32675
25194
19757
16496
13941
12139
10622
9307
8301
7682
6828
6377
5861
5387
4964
4589
4314
4030
3794
3607
3427
3107
2926
2854
2738
2516
2392
2377
2287
2199
2165
2035
1884
1861
1800
1762
1661
1580
1507
1509
1430
1396
1348
1304
1290
1241
1202
1138
1132
1054
1075
1042
943
972
941
933
902
868
849
799
796
796
791
817
764
719
703
723
687
658
597
599
589
641
620
600
578
575
539
526
505
476
532
530
441
470
448
465
463
450
414
459
464
414
408
411
425
394
384
396
378
386
353
329
329
334
385
305
333
349
330
311
307
327
317
275
293
292
272
277
293
297
270
262
254
269
247
231
247
224
243
266
258
248
216
225
213
220
219
228
205
211
217
232
214
201
189
197
171
207
167
182
174
204
202
195
164
173
189
175
172
164
148
172
168
149
146
161
169
143
138
152
166
139
148
139
167
149
149
138
163
135
134
161
129
137
134
130
119
114
118
128
122
117
123
125
109
110
135
106
113
110
112
122
110
120
113
96
92
99
102
120
85
107
105
88
114
97
94
90
104
90
117
94
102
112
98
108
91
98
83
84
105
98
75
80
94
85
85
80
76
85
72
88
75
91
78
73
76
76
79
65
83
66
67
91
85
80
75
65
83
74
78
69
69
82
69
61
67
57
64
62
58
60
63
66
54
73
63
48
69
58
70
54
58
70
55
63
48
49
69
61
61
60
59
67
60
69
49
61
57
48
56
63
74
44
53
52
64
45
52
51
58
61
52
49
59
40
43
45
49
53
39
56
62
47
44
36
39
58
51
42
39
47
44
56
53
44
54
41
44
57
53
30
37
47
35
45
39
43
35
40
29
32
43
35
40
40
38
42
34
46
36
46
35
45
34
24
42
37
38
39
48
28
33
33
46
42
32
41
34
28
26
34
32
32
29
33
37
32
41
31
34
41
32
30
27
34
43
37
40
28
30
25
30
22
35
42
22
32
35
30
29
31
35
29
35
23
23
27
31
27
27
26
21
27
29
22
26
32
24
25
36
22
31
29
25
23
19
20
31
28
24
22
29
21
24
29
29
19
21
18
29
23
20
28
34
23
31
20
17
27
31
24
21
29
17
24
25
19
13
13
18
26
27
23
27
30
24
24
25
18
19
21
21
27
21
17
22
22
28
20
25
15
20
26
20
27
18
22
26
22
26
35
19
22
14
25
13
19
27
15
22
19
17
22
20
23
14
14
16
15
28
14
28
15
19
16
14
14
13
20
23
18
14
9
14
17
13
15
13
23
23
17
16
14
14
14
22
15
26
14
16
14
10
23
16
20
21
17
12
17
21
24
13
17
23
23
11
10
18
14
22
18
19
17
11
21
19
15
12
14
10
15
11
15
16
13
9
20
20
17
21
12
11
14
12
11
19
12
12
13
16
8
9
8
21
11
7
14
10
8
17
16
14
6
15
7
11
9
20
10
13
12
11
13
11
21
10
12
12
15
17
12
20
15
10
13
12
14
21
10
18
8
12
10
15
14
10
9
7
9
14
10
14
10
16
15
10
18
15
13
10
13
13
10
14
12
8
9
19
9
11
14
9
10
9
5
13
8
13
13
14
8
15
13
6
13
15
9
20
17
10
9
8
7
12
7
12
16
8
11
8
7
8
10
10
13
9
16
8
11
10
14
11
15
6
7
8
7
7
17
9
12
5
8
9
11
13
16
8
14
13
10
12
14
11
7
10
12
4
11
13
6
12
17
7
11
6
11
9
9
10
6
10
10
6
12
6
10
9
12
6
11
9
10
12
6
9
5
8
5
4
5
6
6
13
8
10
8
8
11
7
9
9
5
7
5
9
12
6
6
8
6
7
12
11
5
7
7
12
9
11
10
7
7
5
9
5
8
9
10
9
7
13
9
9
4
8
8
10
4
9
12
9
5
6
3
5
9
7
7
3
5
10
9
8
9
7
9
7
7
13
7
12
4
8
7
9
11
8
7
7
6
11
5
5
10
10
5
9
5
10
7
5
2
7
6
4
7
5
10
4
5
9
9
5
12
7
6
9
3
5
3
10
8
4
9
7
7
6
11
4
5
10
6
8
6
9
6
3
7
10
4
10
5
8
6
15
5
3
7
9
1
7
6
3
16
4
3
6
4
7
6
6
7
7
2
9
4
7
11
3
7
7
7
10
3
4
6
3
7
7
2
7
6
9
6
5
8
10
3
6
5
2
8
7
2
5
6
7
4
3
6
10
6
2
6
13
10
3
5
6
6
3
10
3
4
7
4
6
4
7
2
4
6
3
12
7
5
4
10
4
12
2
9
3
6
6
5
5
7
5
3
9
7
4
5
8
3
4
2
5
14
2
7
1
2
5
4
3
6
6
6
7
4
3
5
7
9
3
4
7
6
6
2
5
2
3
4
2
8
4
2
8
3
1
6
3
1
6
8
4
4
7
5
5
2
2
6
4
5
4
3
4
4
4
5
3
0
6
4
5
2
4
3
2
4
2
5
5
5
5
2
4
6
3
5
2
1
2
5
7
2
7
4
7
0
4
3
0
6
3
2
7
6
3
5
2
3
9
2
4
10
2
1
2
6
2
2
4
2
2
7
4
2
4
6
5
2
7
7
7
3
5
4
4
4
4
4
1
1
3
6
1
7
3
2
3
3
2
3
4
8
6
8
3
4
1
4
2
3
2
3
1
6
2
2
4
6
5
5
2
3
0
3
3
4
4
4
5
5
1
5
4
6
2
7
2
7
4
3
1
6
1
4
2
4
1
2
3
3
6
4
4
6
6
7
4
1
6
3
0
2
2
6
2
5
1
4
9
4
6
3
6
4
3
5
3
4
3
3
3
5
4
3
10
4
3
2
2
3
3
10
3
3
1
3
2
1
4
2
4
8
3
2
4
5
8
0
1
2
1
2
7
2
2
4
1
3
3
3
2
4
3
2
4
3
3
2
3
0
3
1
2
6
4
1
1
2
3
3
3
1
4
3
0
2
2
1
4
4
6
2
4
5
3
1
5
3
0
1
2
1
1
5
1
4
0
4
7
3
2
3
1
1
1
4
2
4
4
4
2
4
2
2
2
4
3
4
5
5
4
1
2
1
1
4
3
3
1
2
2
4
2
1
4
4
1
2
5
4
5
3
3
5
2
3
4
6
7
6
2
3
3
1
2
1
0
2
3
2
4
3
3
2
1
2
4
6
3
3
2
1
4
0
3
2
2
1
4
3
6
2
1
1
5
5
1
1
5
3
2
3
2
2
1
3
0
4
2
0
3
5
1
4
0
3
4
4
3
1
4
1
3
3
1
2
1
4
3
3
2
1
2
3
7
3
3
2
3
2
1
0
3
1
0
3
3
4
2
2
2
3
5
4
0
0
3
0
1
3
3
3
0
5
3
3
1
0
2
1
3
1
3
3
2
1
4
0
2
3
5
2
2
4
1
1
1
2
5
1
6
0
1
1
3
4
2
1
1
1
0
1
1
2
1
2
1
3
2
2
4
4
1
2
1
2
1
3
2
1
2
0
0
3
3
4
3
6
3
5
2
0
2
2
2
3
2
2
1
4
2
4
0
1
3
3
6
1
2
2
3
1
3
1
2
4
2
2
0
5
3
1
2
2
1
4
2
0
3
2
0
5
3
2
4
1
3
4
3
2
5
2
3
3
2
4
3
4
2
2
0
0
0
0
0
3
2
1
4
2
3
3
2
1
2
2
2
2
3
3
0
1
2
3
2
0
0
1
2
3
1
1
1
0
2
0
2
1
2
2
1
1
1
0
3
3
1
2
1
1
1
1
1
3
2
1
3
2
2
0
1
1
2
3
0
1
1
1
1
0
1
1
2
1
2
2
2
4
0
1
0
2
1
2
2
1
5
4
0
0
0
0
5
3
1
5
1
1
2
2
2
0
1
0
0
0
0
1
1
1
1
2
0
4
0
5
1
3
0
2
2
0
1
1
1
1
0
0
1
2
2
0
1
4
3
4
1
0
2
1
0
2
4
1
4
0
2
2
0
1
0
2
2
2
1
1
1
1
2
1
0
4
0
0
2
2
3
1
2
2
1
0
0
1
1
2
1
0
2
1
1
0
1
2
1
2
5
2
1
2
5
1
1
2
1
2
4
2
2
0
1
0
2
2
0
2
2
1
1
2
0
2
2
3
2
1
0
0
0
1
2
2
4
3
1
1
2
2
0
1
3
2
3
1
0
1
1
2
2
1
0
0
0
1
2
2
1
1
1
2
2
1
0
1
1
2
1
1
2
0
0
2
0
3
1
3
1
1
1
0
0
1
0
1
2
0
2
0
1
3
1
0
0
2
3
1
0
0
2
1
1
2
0
2
3
0
1
2
2
0
1
1
0
1
0
1
0
1
0
0
3
0
0
2
0
0
0
1
4
1
1
0
1
1
2
1
0
1
0
2
1
1
1
0
4
0
2
0
0
0
3
1
1
0
0
0
2
0
2
0
0
2
0
0
1
3
2
1
0
1
0
1
2
0
0
0
0
0
0
0
0
1
1
2
1
0
0
1
0
0
0
0
0
1
0
0
2
1
1
0
0
1
1
0
1
0
0
3
1
0
0
1
0
0
1
0
0
0
0
2
0
0
1
2
0
2
2
2
0
2
1
1
0
1
1
0
0
1
1
1
0
0
0
0
0
1
0
1
3
1
0
0
0
1
0
0
0
0
1
1
0
0
0
1
0
0
2
0
1
1
0
0
0
2
1
0
1
1
0
0
1
0
0
1
2
0
1
2
1
0
2
0
1
0
2
0
1
2
1
0
0
0
2
1
1
0
0
1
0
1
0
2
0
1
0
1
1
0
0
0
0
0
1
0
0
0
0
0
2
1
0
1
0
0
0
0
2
0
0
0
0
0
1
1
0
0
0
0
0
0
0
0
0
0
