27575
275240
179638
58806
46583
28090
23967
17450
15461
12348
11078
9267
8444
7432
6903
6012
5743
5033
4792
4295
4141
3794
3640
3450
3347
2926
2839
2772
2555
2418
2362
2228
2198
2012
1997
1756
1836
1750
1685
1645
1578
1572
1430
1410
1380
1358
1282
1309
1243
1140
1185
1119
1057
1048
1047
1067
980
927
900
889
883
783
816
883
788
762
767
710
713
727
676
711
658
668
648
614
600
603
626
581
571
589
560
544
486
526
539
519
504
511
502
494
477
435
478
449
436
437
418
433
409
381
422
402
393
349
424
354
382
366
359
351
351
354
360
339
343
329
332
303
337
321
336
291
327
288
307
284
307
299
271
284
262
243
280
262
276
214
236
227
251
240
242
207
238
221
243
236
224
227
205
233
223
227
208
210
201
180
203
229
216
206
194
212
199
201
194
200
174
177
198
190
179
182
184
178
163
158
146
175
178
171
159
166
164
152
148
144
142
138
153
150
151
144
164
151
123
123
143
154
153
124
138
129
139
134
131
127
142
128
106
137
115
124
107
120
114
135
101
124
115
126
103
115
106
97
124
107
132
114
103
94
113
121
104
102
130
106
104
90
89
108
110
94
110
99
99
91
96
94
113
93
89
95
112
84
88
103
99
88
96
87
86
82
82
83
79
78
94
83
82
96
86
79
65
80
94
90
82
76
84
83
74
79
68
66
73
68
77
74
73
73
70
76
79
90
85
68
68
73
73
70
64
48
59
67
82
55
76
51
57
64
68
68
63
73
57
49
76
59
72
54
60
62
70
62
76
68
64
53
60
52
53
75
44
49
57
60
52
60
65
47
54
58
54
60
47
61
50
43
43
65
49
62
54
49
44
51
41
36
61
46
45
72
47
39
51
55
55
43
43
37
55
50
54
57
40
55
47
63
41
61
55
47
45
56
36
58
55
45
39
55
53
54
42
53
30
43
46
43
45
44
37
33
37
36
38
39
44
39
48
34
36
44
29
35
49
38
39
41
52
30
28
42
30
40
32
51
39
34
37
23
36
34
40
36
38
34
30
38
40
30
35
42
31
36
30
27
34
26
27
39
39
32
41
47
50
28
31
28
25
30
41
26
41
30
34
38
36
27
29
34
30
33
35
36
31
26
42
29
27
33
37
32
35
37
27
26
32
33
21
41
24
26
26
36
33
27
34
27
27
30
35
35
37
31
30
24
23
31
25
20
19
33
23
21
25
29
37
26
21
30
33
22
32
21
35
31
29
22
33
32
27
25
17
25
35
25
30
24
30
22
23
30
29
23
30
32
20
17
25
15
23
32
28
22
23
29
29
19
26
25
30
23
19
16
35
24
26
25
14
31
19
18
21
22
27
15
22
28
27
21
23
23
15
19
20
27
14
27
19
18
24
22
20
23
21
14
25
20
25
11
24
22
26
19
18
23
18
19
18
32
20
20
18
12
11
16
15
13
23
19
20
21
24
18
14
19
18
20
16
22
20
17
22
10
21
20
21
15
19
20
15
25
16
13
15
12
11
15
20
18
18
23
16
22
23
19
18
17
24
25
10
22
12
16
19
19
20
16
15
14
21
20
20
17
14
19
14
10
15
27
23
12
19
15
20
18
20
15
22
23
18
14
19
21
18
29
12
15
17
10
22
19
19
26
27
21
20
17
15
28
17
19
19
13
21
14
9
12
21
15
15
20
12
19
13
20
14
14
15
16
13
11
18
12
12
13
15
12
17
13
22
17
17
9
20
23
13
17
12
8
15
14
16
12
14
21
13
9
11
14
12
14
12
13
10
16
7
13
20
17
11
16
18
18
12
12
17
13
13
6
12
14
14
17
15
12
9
16
11
10
14
12
11
12
12
14
13
15
15
14
18
6
7
13
14
10
14
17
14
17
17
17
17
11
15
10
5
13
21
14
7
9
12
7
15
21
11
12
10
7
11
7
9
10
11
13
12
15
10
14
11
10
10
10
11
10
13
11
20
11
13
7
17
10
6
8
10
10
15
14
8
12
10
8
12
8
9
7
14
9
5
14
9
8
9
11
12
10
10
11
16
7
12
7
9
14
15
16
6
10
7
11
8
10
8
9
10
5
9
8
5
8
4
13
5
12
12
13
8
19
12
11
6
9
9
10
4
9
12
11
17
9
7
14
9
11
6
11
11
7
9
12
10
15
11
8
14
9
7
8
11
9
7
11
10
9
10
8
8
4
4
4
16
5
10
8
9
12
13
6
14
11
12
16
5
8
9
13
12
13
9
13
5
6
9
6
10
5
9
11
10
6
2
13
3
7
8
7
11
14
13
10
7
7
7
12
5
6
7
10
7
8
9
10
8
8
13
8
4
10
7
7
10
5
11
9
10
8
13
13
10
11
9
8
8
5
9
7
11
7
11
10
9
10
13
6
5
2
11
5
12
10
8
10
7
9
10
7
10
5
8
7
7
10
5
9
11
7
3
7
3
10
10
11
11
5
8
5
5
7
13
9
5
6
12
9
9
3
6
8
12
12
8
5
4
8
2
9
9
5
6
11
8
8
8
8
9
6
6
8
8
5
3
4
3
3
7
6
4
5
13
8
6
7
4
9
2
6
8
6
6
8
7
4
5
7
9
8
5
8
8
6
12
13
9
6
7
5
7
7
3
7
3
8
7
6
7
3
10
6
10
9
6
6
9
10
12
10
8
3
7
5
4
4
4
4
3
8
3
7
6
5
5
8
7
4
6
2
5
6
6
4
7
4
6
12
5
9
7
5
5
2
2
6
4
5
10
11
5
7
2
7
8
8
4
7
7
11
8
5
7
7
4
5
3
4
7
5
5
7
7
8
5
10
3
3
5
6
6
3
4
3
11
3
8
6
2
5
8
6
9
5
1
8
6
3
2
2
6
8
1
4
3
7
6
5
7
4
3
8
5
8
7
5
6
9
4
3
6
7
2
5
3
0
3
2
10
6
6
5
6
4
3
6
10
3
4
0
5
4
7
5
6
3
6
10
3
6
7
5
7
4
6
5
4
9
5
5
2
6
2
4
2
6
5
5
5
3
6
5
8
6
5
2
2
6
6
5
5
11
4
1
7
5
4
5
8
4
4
5
10
5
4
4
9
9
2
6
7
3
1
8
3
7
4
7
7
3
6
2
7
6
7
3
7
3
4
5
8
1
1
2
3
7
2
2
2
4
3
7
6
2
2
4
3
2
6
4
8
8
1
8
10
4
3
6
5
5
5
4
3
8
6
5
7
9
4
6
0
5
5
4
6
6
5
8
3
2
3
5
7
3
4
4
3
7
10
2
11
6
2
6
2
3
2
6
8
4
4
8
5
2
5
3
5
1
7
4
3
4
4
7
2
5
1
2
6
2
4
2
9
3
1
5
3
5
4
5
2
2
7
7
3
5
2
4
4
7
3
7
5
4
5
5
5
4
7
3
1
3
5
5
4
6
5
4
4
3
3
3
5
4
3
2
2
6
5
5
5
8
9
6
4
3
1
2
4
3
10
6
4
2
3
10
3
4
3
5
3
2
5
4
7
3
3
6
2
8
2
7
4
3
7
3
3
3
5
9
3
8
3
3
2
1
3
4
4
3
5
3
2
3
7
2
4
6
3
3
3
4
1
3
1
3
5
2
6
7
2
3
1
2
2
7
7
0
5
3
8
4
5
2
4
0
2
6
5
2
3
2
5
3
7
2
7
4
10
6
7
5
6
4
3
5
7
3
1
3
2
3
2
4
4
3
1
4
4
4
7
5
6
5
3
1
3
5
2
4
3
4
3
3
4
0
7
2
4
5
6
4
3
1
2
7
3
4
2
8
3
2
1
3
2
3
5
4
5
2
6
1
4
1
5
4
4
2
3
2
2
4
4
3
4
3
6
2
1
5
4
2
1
4
11
2
5
3
6
4
2
4
1
2
2
4
7
2
6
1
3
3
3
3
2
2
6
4
6
7
2
3
4
3
4
2
5
6
6
6
3
6
5
4
4
4
5
4
3
7
4
2
6
4
1
3
5
4
1
8
4
5
7
4
4
2
3
3
6
3
3
2
0
1
3
6
2
2
6
4
3
1
13
3
4
1
4
4
5
4
4
4
5
1
2
3
5
3
4
2
3
2
5
1
3
3
5
2
1
5
3
2
4
3
3
3
4
2
3
2
2
4
6
5
2
4
4
5
3
3
3
4
2
4
4
4
3
3
4
4
3
6
3
3
2
5
4
5
3
2
2
5
3
3
1
3
3
3
5
6
5
3
2
3
3
3
4
1
4
0
2
1
5
1
3
1
3
2
3
1
1
3
2
0
1
1
2
4
2
7
4
2
0
3
2
2
2
3
4
1
4
6
0
3
4
3
3
2
1
1
3
1
1
4
1
1
1
3
2
1
1
1
2
1
2
3
3
0
4
6
3
1
2
0
1
1
0
4
6
4
2
1
2
0
1
0
5
1
2
1
1
1
0
2
1
1
2
3
2
2
2
4
1
1
3
5
0
1
1
1
1
3
3
2
2
2
2
2
4
4
0
4
3
3
1
4
2
2
3
1
2
3
4
3
5
1
2
1
1
1
1
4
1
3
2
1
0
3
3
1
4
3
0
0
4
0
3
2
2
2
3
1
2
2
0
1
1
1
2
0
0
2
2
1
4
3
6
3
2
3
1
1
0
1
3
3
2
1
4
1
3
2
1
2
1
2
1
3
2
1
5
1
0
1
0
2
2
2
0
2
1
0
4
5
1
1
3
2
2
0
3
1
1
3
2
2
1
2
4
0
1
2
4
1
3
0
1
4
1
1
5
1
3
2
0
0
3
4
3
1
4
4
4
1
0
2
1
3
2
1
0
0
5
0
2
1
2
3
3
2
2
2
2
1
3
2
2
0
1
1
3
2
2
0
3
1
4
1
1
0
0
2
1
0
1
0
0
0
0
