994158
418610
116523
51740
33549
23298
17779
14176
11840
9785
8385
7399
6345
5642
5212
4724
4390
3913
3589
3385
3099
2963
2783
2617
2464
2357
2091
2120
1902
1854
1745
1641
1670
1625
1487
1441
1312
1294
1263
1161
1130
1102
1071
1062
1023
1018
955
889
867
782
856
797
730
777
749
663
699
686
643
687
615
604
567
616
613
504
545
535
513
510
497
504
436
448
438
435
413
410
426
397
444
384
342
390
353
363
357
325
367
314
325
295
280
306
310
286
286
314
276
297
289
271
283
253
288
272
234
251
219
257
218
216
227
206
224
223
226
203
211
195
221
174
194
215
193
217
170
185
192
206
209
179
198
163
167
170
163
150
158
182
150
145
154
178
156
154
146
158
138
150
146
137
142
132
115
137
129
150
115
135
133
123
132
131
120
107
101
139
130
118
113
114
102
118
88
132
93
107
93
86
116
106
89
97
92
103
109
82
85
96
87
114
103
66
93
76
95
95
75
75
84
82
86
80
79
82
95
95
85
91
85
82
59
71
62
80
83
54
79
65
80
77
68
80
72
73
58
68
72
66
77
80
58
61
58
59
64
74
69
64
56
53
62
59
48
62
70
58
71
62
58
54
66
58
68
53
57
57
69
59
66
61
63
56
54
54
54
55
60
58
53
60
51
43
42
58
48
47
60
43
50
58
43
38
37
45
44
51
38
52
49
56
51
40
48
44
44
41
54
43
41
49
34
51
42
37
43
41
42
41
38
42
41
30
35
39
39
46
38
30
36
33
31
36
39
38
41
28
40
27
42
35
37
32
43
46
32
21
32
24
28
29
46
44
27
31
41
21
35
33
33
33
36
32
27
40
32
37
28
29
26
27
28
33
23
27
31
35
35
29
33
23
32
36
28
34
23
41
32
30
35
40
31
33
41
31
22
30
27
26
31
25
29
31
23
19
36
26
27
33
23
20
33
24
29
19
36
24
17
28
28
38
21
20
34
27
17
21
18
22
26
20
29
25
28
23
21
17
17
26
36
21
33
20
25
20
23
23
19
15
21
23
21
25
21
19
23
18
19
15
22
15
21
20
25
19
21
18
25
25
21
20
21
21
13
19
21
26
18
25
17
21
26
28
19
15
18
20
18
23
14
26
13
10
23
14
23
15
10
17
17
17
16
21
17
18
11
20
25
23
17
17
14
17
19
21
22
17
20
19
15
11
17
11
20
19
13
14
10
14
11
20
13
13
24
15
15
13
10
14
15
19
11
23
15
12
16
15
18
18
22
10
13
12
7
13
16
14
14
20
8
16
17
17
8
18
10
19
18
18
12
14
20
14
13
23
15
12
15
10
10
14
16
9
7
15
12
9
18
26
13
9
10
10
12
20
10
15
7
13
13
17
11
14
6
14
16
14
14
14
9
10
16
11
16
8
22
15
11
14
14
11
13
9
10
12
8
17
6
12
10
19
8
6
10
10
8
9
21
7
10
18
12
9
13
13
10
11
4
15
9
13
11
6
17
13
10
15
12
14
9
8
9
7
11
9
12
14
10
9
13
13
14
12
7
10
15
14
11
12
11
5
12
6
11
10
8
12
7
8
10
11
9
7
10
7
8
6
9
9
9
11
11
9
9
5
15
7
9
15
9
13
8
7
7
8
15
10
6
12
12
14
14
3
11
10
14
11
12
3
10
8
6
10
7
6
7
11
13
10
8
16
8
14
14
14
8
10
9
9
11
10
6
6
11
13
13
9
16
18
10
12
13
13
7
10
8
14
13
6
9
13
7
9
6
7
5
9
8
8
11
7
7
13
5
10
9
11
11
3
10
8
7
5
12
7
5
6
8
8
6
10
6
5
4
9
11
5
6
5
11
5
7
12
10
8
5
2
5
4
5
7
9
6
7
3
8
6
3
9
7
7
7
7
7
12
10
9
10
10
5
8
8
8
10
3
7
11
8
8
6
10
13
4
5
8
7
5
11
5
5
10
4
7
8
8
8
9
4
5
5
11
6
7
3
7
6
5
9
10
9
7
6
5
6
8
11
6
5
9
10
7
5
9
6
4
1
11
6
5
8
2
10
5
3
2
7
7
11
2
5
10
6
3
7
7
4
9
6
4
6
8
6
7
9
6
3
8
10
6
2
5
8
5
6
9
3
12
13
6
3
11
4
4
5
7
7
2
6
3
3
6
5
6
2
5
6
9
5
4
2
8
4
8
1
5
7
2
4
6
4
2
5
2
4
5
2
7
6
2
3
3
2
9
9
4
15
2
3
5
10
4
5
3
5
6
9
8
5
6
7
5
8
5
8
7
6
8
10
5
9
6
6
6
7
3
4
7
9
7
2
4
7
3
5
8
4
7
4
6
5
6
5
7
4
6
2
9
4
1
5
4
6
4
4
3
2
1
6
5
6
3
6
10
2
6
5
2
6
7
2
4
3
2
2
6
7
8
4
4
4
4
5
9
4
5
3
1
8
5
1
8
6
11
6
2
1
5
5
6
4
5
4
8
9
7
5
1
2
3
2
2
5
3
4
8
5
3
5
5
5
5
2
1
1
10
5
1
5
1
1
2
3
2
4
3
2
7
1
2
3
3
5
5
4
3
4
4
6
2
4
1
4
3
2
5
2
2
3
4
4
1
3
4
3
2
5
5
3
5
4
5
0
1
3
4
6
4
6
1
4
5
2
4
4
3
3
3
0
7
5
5
9
8
4
4
6
6
1
5
9
4
4
4
3
5
2
3
6
6
2
2
6
5
7
0
1
3
2
4
2
2
3
7
4
5
2
4
6
2
3
1
2
2
4
1
4
6
2
4
4
8
5
6
1
7
5
0
2
5
5
5
3
3
4
3
0
3
5
2
1
4
2
3
6
6
3
3
4
4
2
4
1
6
3
6
4
3
3
2
4
1
3
6
2
1
4
4
1
5
3
0
3
4
2
0
5
4
1
4
4
4
4
3
1
4
5
2
5
4
1
4
0
4
3
3
2
2
4
1
2
3
3
5
4
3
3
3
4
4
0
3
3
6
2
2
4
4
4
3
1
6
1
6
0
2
1
3
1
1
0
3
1
2
4
3
4
1
2
5
2
3
3
4
2
0
6
2
4
2
2
2
7
3
3
5
3
1
3
1
3
4
4
4
2
2
3
7
4
2
5
1
3
3
4
2
6
2
4
3
4
4
3
3
7
4
0
5
2
4
3
1
4
1
2
1
3
2
4
0
1
6
2
1
3
1
4
1
3
4
5
3
4
2
2
3
6
3
4
1
4
3
3
2
6
1
0
3
0
4
1
0
3
5
0
0
3
2
2
1
6
1
3
2
2
2
3
6
2
1
2
5
3
3
3
3
3
3
4
5
0
1
3
0
4
1
1
2
2
8
0
3
1
3
4
3
0
1
6
2
3
2
1
1
3
3
2
2
3
1
2
5
2
3
3
2
1
4
2
3
3
3
1
1
1
3
2
4
1
1
0
1
1
1
0
7
0
2
1
2
2
1
4
1
4
1
0
2
2
3
1
0
1
2
6
1
3
0
3
0
0
3
3
5
0
2
1
1
4
0
2
4
0
2
3
3
4
3
3
1
4
3
2
4
1
8
3
2
2
4
3
3
2
5
1
1
2
2
0
2
1
2
4
2
0
1
1
2
1
4
0
1
6
3
2
0
0
2
1
2
7
4
1
2
1
3
2
3
4
1
1
1
1
2
0
0
3
3
5
4
2
2
1
3
5
1
2
2
3
3
1
3
3
1
2
2
1
4
1
4
0
1
3
2
1
0
0
3
4
4
4
3
1
0
2
2
3
3
3
1
1
2
3
1
2
2
1
2
2
3
2
0
1
2
2
1
2
3
0
1
1
1
5
2
1
1
3
2
2
4
3
3
2
1
2
2
2
1
2
2
1
0
2
2
2
2
1
1
2
2
1
1
2
1
2
1
0
2
1
1
1
3
3
1
0
0
1
2
1
2
3
6
2
1
0
1
2
1
1
2
3
1
0
2
0
3
4
3
1
0
3
2
2
5
2
0
1
0
1
2
1
1
5
4
2
3
1
3
2
2
0
0
1
2
2
1
1
4
3
1
0
2
2
2
4
1
0
1
1
3
1
1
3
0
2
0
3
3
0
2
3
3
1
1
1
1
1
2
3
2
2
1
1
2
1
4
4
1
1
3
0
3
2
0
2
1
2
1
1
1
1
0
2
4
2
3
2
2
2
1
1
1
2
1
1
1
1
3
1
1
2
2
0
1
1
0
1
1
0
2
0
2
1
0
3
2
1
3
3
4
2
0
3
1
1
1
3
1
0
1
1
2
0
1
0
2
3
3
0
3
2
0
2
2
0
0
2
3
0
1
2
3
1
0
0
0
3
1
0
1
2
0
1
3
0
3
0
3
0
2
2
2
0
0
2
0
3
1
0
0
0
2
1
1
0
0
2
0
0
0
2
0
1
1
0
0
0
3
1
1
2
1
0
1
1
1
0
0
0
2
0
1
1
1
1
0
0
0
0
2
2
0
2
0
0
0
1
2
1
2
0
3
0
1
1
1
1
0
2
1
0
0
3
0
0
0
0
0
1
0
3
0
0
0
1
0
0
0
1
1
0
0
1
0
0
1
2
1
2
0
0
1
1
1
0
4
0
0
0
1
0
2
1
2
1
0
1
0
2
1
1
2
0
1
2
2
0
1
0
1
1
0
1
0
1
0
1
0
0
2
1
1
0
1
0
0
1
0
0
0
2
1
0
0
0
0
1
2
0
2
0
0
2
1
0
1
1
0
1
2
1
2
0
1
2
0
0
0
1
0
1
1
1
1
1
1
1
1
2
1
2
0
1
0
2
0
1
0
1
0
1
0
0
2
0
3
0
2
1
1
2
0
1
0
1
1
0
2
0
0
1
0
0
1
0
0
0
0
0
