36440
194770
81558
37281
25315
17909
14399
11530
9529
8081
7037
6368
5729
5131
4553
4209
3776
3529
3293
3008
2931
2635
2590
2447
2283
2122
2012
1913
1842
1754
1633
1619
1560
1450
1446
1295
1315
1306
1245
1191
1155
1157
1078
1027
999
999
998
946
925
844
817
807
762
801
737
639
763
706
717
671
627
676
620
639
586
620
535
561
550
505
516
531
467
471
489
487
467
476
467
445
443
444
440
414
375
381
365
410
382
387
365
310
304
354
333
347
336
310
311
308
315
316
299
306
278
266
258
242
287
261
290
263
282
279
277
269
253
249
241
231
211
249
241
219
220
233
200
249
230
226
200
200
188
189
188
180
179
193
213
205
167
210
185
175
182
148
175
162
167
143
165
191
165
165
156
163
170
147
153
144
149
181
137
156
158
130
155
152
139
139
147
125
116
140
127
147
130
128
126
108
112
125
146
120
115
131
116
105
107
123
123
116
127
117
107
99
129
99
111
120
105
113
127
88
104
101
101
92
84
118
95
101
93
88
100
84
114
82
103
77
96
110
82
102
71
76
92
79
73
103
103
90
72
86
79
67
100
83
83
88
81
81
91
81
78
82
79
78
79
87
74
85
64
67
69
77
76
86
80
59
75
70
64
64
70
67
74
77
60
70
67
64
64
57
75
75
67
66
51
52
68
41
57
87
57
58
79
62
59
48
70
44
64
58
67
63
59
60
53
45
54
46
60
59
58
57
57
50
53
49
41
62
59
40
48
39
58
50
49
49
51
37
48
64
58
50
55
52
44
42
59
45
37
57
48
75
48
60
45
38
42
50
57
46
41
43
46
53
45
39
36
47
52
59
45
48
47
45
44
38
41
41
42
48
42
42
31
40
43
44
36
49
43
39
40
32
42
36
36
35
51
39
41
38
40
38
50
37
41
37
49
41
33
35
36
40
31
39
40
41
31
29
30
25
37
38
31
40
31
30
34
32
28
34
29
34
33
31
37
30
44
35
39
29
33
40
32
32
31
34
30
24
38
34
28
30
27
32
24
33
33
39
33
41
26
32
35
43
22
21
28
24
24
18
24
32
21
26
23
18
47
25
25
24
21
28
24
35
29
21
24
28
26
38
33
30
21
32
27
30
29
30
25
23
26
21
26
27
30
27
22
29
20
29
29
31
29
28
25
21
21
19
28
29
24
24
19
18
19
30
28
29
19
29
22
27
23
23
17
20
28
23
25
22
25
26
18
22
20
19
25
28
24
18
28
17
29
13
35
19
24
23
18
26
15
15
26
17
22
21
34
16
23
26
21
16
16
15
25
25
28
26
21
23
14
18
22
17
16
20
20
30
17
22
18
22
14
20
13
21
11
16
21
21
19
17
15
23
23
20
23
28
25
13
18
26
18
26
22
21
23
13
24
15
16
22
15
19
22
23
22
15
16
17
16
11
12
17
20
13
13
25
23
23
6
17
20
17
24
18
18
17
14
16
23
18
15
19
11
16
19
17
18
13
17
18
9
18
13
16
19
8
15
12
21
21
18
13
12
17
14
20
16
27
11
25
11
14
13
21
22
17
14
19
18
18
22
24
15
15
15
13
11
21
14
15
12
15
13
24
13
11
16
17
11
14
18
13
23
21
11
9
22
19
18
15
17
10
9
16
10
11
13
14
13
14
13
13
24
8
12
22
14
12
13
15
12
14
18
9
14
17
17
12
13
16
11
16
5
19
8
13
11
13
4
18
8
10
13
10
12
10
15
5
7
10
9
13
9
11
10
12
16
10
15
18
6
15
15
21
13
10
15
7
9
15
10
16
14
16
15
8
20
14
12
12
12
11
9
12
8
13
12
7
13
15
12
14
11
9
10
10
7
9
13
9
8
13
12
17
13
7
10
15
14
13
17
18
5
17
11
12
11
8
12
10
16
10
14
16
13
13
12
13
6
16
18
9
9
12
6
7
10
12
8
5
10
13
13
10
7
14
12
13
5
11
6
14
15
12
15
9
14
12
8
10
9
10
6
7
10
14
8
6
5
13
6
18
5
12
9
9
7
14
4
6
13
6
11
14
4
10
9
12
9
8
12
14
15
14
10
5
10
9
14
7
10
14
12
8
6
4
9
8
5
11
7
11
11
12
8
7
14
6
5
10
8
15
13
13
10
8
9
6
15
12
10
12
14
18
14
8
8
10
11
6
7
12
4
7
13
9
7
8
9
6
10
11
14
7
12
6
9
7
11
5
9
10
11
4
11
12
11
8
13
15
5
11
6
12
12
10
9
7
9
4
7
3
9
8
8
4
8
7
7
8
5
14
11
10
5
7
3
5
9
10
10
12
13
7
8
10
6
7
6
5
6
8
9
9
11
10
10
9
5
11
11
6
6
11
5
10
5
9
8
8
3
10
15
12
2
4
7
10
10
8
4
9
8
10
2
8
9
8
6
7
3
7
4
5
12
6
9
12
6
8
7
5
5
4
8
4
8
7
6
9
7
10
13
5
7
5
2
6
6
10
7
6
6
8
9
5
9
8
9
6
7
9
7
8
6
6
3
7
6
9
9
5
5
7
6
4
8
8
3
4
6
11
7
9
3
11
3
4
9
6
8
8
11
4
4
4
5
7
5
8
10
8
5
9
9
5
2
7
6
9
7
6
4
3
6
8
4
5
3
9
8
5
8
7
11
9
5
4
8
9
10
5
7
3
4
6
2
8
6
3
6
8
6
9
13
9
6
8
3
4
11
6
10
6
4
4
8
4
6
8
10
10
7
3
14
3
2
8
5
4
4
5
11
15
6
5
6
3
4
10
6
6
5
7
5
7
9
6
5
7
4
6
3
3
7
9
7
2
7
8
8
7
5
6
6
8
11
7
6
11
6
7
4
7
7
5
3
2
7
5
5
6
7
5
4
4
12
7
8
3
5
5
4
5
6
10
4
8
3
9
5
8
1
4
1
5
6
3
7
12
7
10
6
3
4
2
3
6
5
10
9
5
4
5
4
4
6
3
10
10
8
6
4
10
10
3
6
4
4
7
2
8
2
4
4
3
9
4
7
4
7
3
3
6
6
4
3
4
2
4
10
9
6
6
4
5
6
5
5
7
6
5
4
1
4
8
8
5
5
9
6
2
3
12
2
3
10
3
3
6
5
5
4
5
2
3
5
7
9
2
5
3
3
7
3
7
6
4
0
4
3
7
9
9
4
8
1
2
3
5
2
5
6
4
6
5
4
2
6
5
7
4
5
3
7
5
4
7
4
6
7
6
4
3
6
1
3
6
6
8
4
4
4
6
5
4
4
4
1
2
6
6
2
7
4
7
5
5
5
4
7
3
8
4
11
5
5
7
8
5
4
4
4
6
7
5
2
6
7
4
3
3
4
1
7
6
3
5
4
10
4
8
8
4
3
5
2
3
2
5
5
4
7
6
4
1
4
3
3
5
2
4
6
4
6
3
4
6
10
3
5
1
12
4
8
4
5
6
6
3
5
7
5
3
5
2
6
5
6
4
2
2
7
3
2
5
5
7
8
3
4
5
8
6
8
4
2
4
3
1
0
6
7
6
4
7
3
3
6
11
1
1
4
4
2
4
2
0
2
3
2
8
1
8
3
2
4
2
3
1
5
3
5
3
3
3
3
3
2
1
6
2
2
4
6
6
6
4
7
9
4
6
4
2
4
3
6
5
10
4
3
3
5
2
4
6
5
6
5
4
6
2
5
7
2
4
4
5
5
5
3
4
2
8
5
5
6
2
6
5
5
4
5
3
3
4
4
4
3
2
1
3
3
1
2
6
6
4
5
6
5
6
3
1
3
3
7
6
2
4
1
5
4
5
3
4
4
3
4
9
7
4
5
3
5
3
2
2
3
9
3
6
7
1
4
2
6
3
3
6
3
5
2
3
4
3
3
7
5
5
1
2
4
3
6
4
4
2
8
6
6
7
2
0
8
1
4
4
3
4
4
7
2
4
4
3
4
7
6
2
3
1
3
5
6
2
6
4
3
3
4
3
6
4
8
2
4
6
2
4
4
4
1
5
3
5
3
5
5
7
3
5
4
5
4
1
5
4
2
3
4
4
3
6
6
5
3
2
4
5
4
3
8
5
4
3
6
4
3
3
5
5
4
6
4
4
3
1
4
3
7
5
3
1
3
3
5
3
3
3
3
1
4
3
4
6
1
2
11
4
3
7
5
2
4
3
4
2
5
5
3
3
6
2
3
2
5
6
4
5
4
6
6
4
1
4
6
2
2
2
4
12
5
3
6
3
6
3
3
2
1
7
4
5
0
3
2
3
4
2
3
3
4
1
9
5
1
3
4
3
3
7
6
5
1
6
5
1
1
4
5
3
7
1
3
6
7
3
7
5
3
13
1
6
4
6
8
5
2
5
4
2
7
10
1
1
4
4
5
4
1
4
3
3
6
6
3
2
4
3
1
2
4
2
6
4
7
3
3
4
4
4
6
4
6
2
4
5
4
2
7
5
3
4
3
4
7
3
3
3
4
3
1
5
7
7
1
3
2
3
10
6
1
4
4
1
2
2
2
0
6
8
2
4
3
0
4
3
2
2
3
4
2
3
5
8
2
1
4
4
5
3
3
4
3
6
1
3
2
4
4
6
4
1
3
6
3
5
6
0
2
4
6
4
6
4
4
4
5
2
0
2
5
2
3
1
2
4
2
3
2
4
6
4
6
4
5
5
1
1
2
5
5
1
8
4
1
2
4
7
4
3
4
3
4
3
3
4
4
7
6
3
4
5
6
3
4
1
3
4
5
4
3
6
4
7
6
2
5
5
3
5
1
1
4
4
4
6
5
1
5
4
6
6
5
4
3
5
4
4
3
5
6
7
8
7
3
3
3
6
10
2
10
9
4
8
6
4
10
6
6
11
3
10
6
3
0
4
2
1
0
0
1
