10660,7670
10130,7280
10742,7662
10654,7513
10085,7050
10911,7835
10538,7662
10602,7574
10408,7348
10533,7626
10059,6963
10503,7634
10307,7535
10584,7740
10257,7335
10138,7200
10279,7322
10597,7683
10563,7535
10577,7631
11184,7778
10312,7065
10428,7463
10732,7660
10285,7342
11226,7837
10254,7367
11104,7840
10917,7722
10650,7440
10569,7711
11205,7828
10722,7603
10681,7600
10714,7559
10908,7552
11070,7939
11251,7875
10017,6985
10808,7707
11159,7796
10526,7582
10663,7640
10275,7291
10600,7528
10683,7539
10557,7623
11069,7775
10989,7576
10397,7600
10778,7403
10688,7552
10549,7204
10510,7457
10789,7754
10867,7610
10177,7199
10741,7560
10292,7165
10891,7552
10761,7777
10638,7482
10591,7352
10307,7255
10359,7493
10460,7648
10630,7514
10720,7726
10586,7608
10570,7550
10840,7737
10504,7483
10679,7513
10672,7654
10290,7439
10869,7747
10357,7365
10841,7723
11330,7786
10673,7543
10908,7680
10220,7065
10811,7760
10048,6751
10883,7713
10530,7614
10893,7750
10556,7515
9703,6970
10066,7031
11048,7980
10867,7604
9914,6869
10700,7672
10955,7891
10717,7672
10615,7219
10531,7528
10900,7615
10860,7705
10730,7579
11298,7909
11043,7719
10765,7578
10558,7458
10926,7714
11003,7733
10976,7712
10413,7454
10942,7721
10668,7596
10934,7795
10644,7779
10648,7615
10590,7585
10329,7464
10542,7577
10339,7350
10526,7492
10088,7250
10944,7526
10323,7547
10501,7493
10081,6981
10807,7801
10268,7344
10672,7732
10676,7519
10514,7556
10418,7573
10462,7404
9841,6954
10935,7616
10800,7649
10828,7744
10573,7680
10341,7323
10557,7186
10509,7613
10317,7243
11008,7808
10687,7589
10560,7359
10848,7660
10730,7632
10145,6967
11068,7978
10896,7840
10572,7503
10330,7413
10426,7556
10502,7521
10379,7211
10036,7635
10452,7459
10839,7736
10227,7424
10154,7240
10453,7466
10568,7604
10464,7463
10638,7538
10560,7483
10618,7603
10549,7540
10364,7457
10980,7738
10403,7519
10551,7590
10743,7535
11182,7715
10409,7602
10356,7443
10519,7451
11119,7897
10739,7751
10686,7574
10594,7638
10726,7739
10690,7667
10559,7577
10565,7570
10686,7585
10695,7673
10551,7564
11364,7888
10256,7409
11785,7957
10899,7788
10782,7656
10601,7622
11149,7770
11067,7637
10937,7783
10231,7045
10560,7336
10626,7570
10737,7476
10828,7722
10542,7489
10269,7361
11256,8063
10800,7675
11306,7663
10534,7411
10301,7420
10235,7361
10569,7614
9740,7101
10394,7493
10928,7832
10541,7545
10226,7274
10484,7490
10339,7260
10386,7469
10169,7386
10666,7763
10643,7455
10703,7713
10215,7034
11278,8035
10916,7745
10609,7613
10533,7290
10546,7484
10855,7413
10487,7455
10086,6841
11018,7821
11013,7905
10738,7681
10524,7506
10758,7634
10640,7680
10700,7502
10550,7497
10158,7123
10442,7473
10475,7457
10349,7358
10361,7498
10475,7443
10364,7538
10445,7483
10677,7799
10458,7538
10368,7403
10510,7536
9977,7061
10614,7511
10767,7793
10385,7535
10782,7798
11030,7704
10241,7407
10547,7326
10899,7846
10564,7655
10816,7688
11039,7711
10724,7781
10527,7438
10678,7771
10604,7628
10237,7179
10591,7329
10207,7248
10965,7692
11111,7827
10253,7288
10536,7513
10556,7608
10692,7706
10601,7633
10580,7485
10476,7407
10606,7670
10775,7532
10902,7673
10754,7663
11112,7827
10542,7597
10802,7657
10421,7446
10641,7569
10445,7377
10874,7663
10675,7648
11137,7758
10825,7711
10682,7616
10863,7628
11189,7719
11233,7884
11031,7591
10242,7341
10698,7535
10350,7335
10806,7825
10638,7600
10617,7695
10478,7575
10261,7390
10427,7529
10727,7591
10770,7665
10040,7112
10495,7411
10545,7565
10405,7615
10899,7504
10625,7733
10852,7772
9398,6337
10829,7744
10666,7547
10685,7654
11232,7982
10926,7750
10796,7714
10559,7735
10663,7588
10915,7730
10645,7623
10583,7645
10486,7232
10642,7443
10519,7503
10364,7453
10154,7366
10524,7512
10591,7349
10602,7701
10756,7577
10511,7557
9549,6540
10845,7765
10597,7375
10450,7462
10475,7526
10585,7600
10349,7407
10857,7671
10687,7563
10613,7520
10535,7546
10471,7714
10775,7639
10451,7547
10673,7482
10926,7783
11237,7861
10750,7744
10806,7547
9731,6850
10686,7569
10795,7663
10626,7387
10953,7909
10318,7284
10581,7728
10848,7702
10720,7639
10574,7564
11202,7609
10758,7725
10088,7224
10863,7750
10714,7428
10710,7473
10473,7366
10803,7685
10536,7640
10643,7325
10291,7440
10454,7419
10453,7472
10635,7641
10755,7755
10589,7725
10782,7609
10454,7533
10364,7258
10914,7736
11041,7799
10716,7714
10548,7585
10722,7527
10419,7559
10841,7729
10163,7165
11157,7862
10489,7598
10784,7631
10621,7450
10244,7327
10495,7496
10409,7474
10813,7731
10905,7841
10603,7595
10533,7602
11043,7839
10176,7375
10725,7712
10470,7494
10557,7528
10917,7888
10704,7475
10918,7667
10437,7422
10633,7520
10740,7620
10334,7317
10490,7542
10275,7308
10666,7717
10661,7773
11169,8076
10745,7599
10954,7723
10551,7465
11052,7692
10526,7558
10771,7653
10978,7790
10658,7620
9691,6554
10478,7599
10524,7649
10574,7603
10929,7796
9988,6994
10180,7246
10927,7787
10247,7047
10378,7401
10141,7113
10693,7646
10647,7452
10827,7890
10854,7723
10767,7587
11085,7600
10506,7522
10363,7155
10747,7842
10415,7622
10621,7612
10754,7464
10826,7589
11383,7944
11329,8013
10774,7609
11577,7988
10695,7698
10553,7531
10424,7479
10665,7745
10365,7585
10611,7723
9882,6909
10692,7529
10170,7497
9815,6763
10477,7560
10968,7817
10653,7664
10418,7452
10827,7766
10101,7374
10566,7638
10860,7649
10551,7845
10389,7401
10877,7495
10494,7353
10636,7681
10107,7045
10140,7570
9829,6730
10294,7469
10974,7892
9940,7131
11274,7903
11097,7731
10567,7518
10843,7683
10375,7369
10336,7470
10719,7680
10720,7676
10655,7659
10077,7271
10680,7716
10767,7710
10666,7788
10345,7301
10479,7355
10473,7416
10115,6984
10776,7715
10513,7411
10545,7495
10669,7727
10549,7636
10382,7525
10799,7632
10018,7154
10399,7545
10656,7643
10379,7378
11006,7694
10297,7470
10771,7628
10550,7356
11059,7816
10913,7832
9791,6942
10753,7486
10329,7581
10589,7421
10618,7570
10796,7472
10906,7675
10325,7206
11305,7820
10174,7242
10665,7584
10172,7301
11030,7980
10559,7737
11137,7873
10173,7189
10952,7781
10123,7300
11591,8159
9975,7269
10494,7360
10369,7500
11330,8019
10714,7632
10625,7415
9968,7047
9701,6676
10708,7601
10399,7377
10613,7537
10377,7361
10469,7379
10559,7601
11241,8059
10502,7531
10381,7428
10336,7497
10990,7785
10209,7336
11007,7726
10656,7628
10807,7642
10426,7693
10858,7703
11014,7531
10366,7636
10797,7797
10123,7235
10639,7671
10798,7618
10327,7669
10852,7721
10810,7622
11072,7648
11423,7938
10460,7582
10312,7322
9650,7386
10266,7025
9412,6872
10552,7450
10242,7212
9881,7337
10535,7359
10792,7719
10414,7673
10611,7574
10505,7594
10281,7278
10496,7491
10357,7453
10536,7356
11128,7775
10185,6989
11297,7754
10826,7708
10902,7668
10841,7587
10723,7603
10660,7591
10574,7713
10611,7480
11088,7939
10353,7490
10511,7594
10267,7413
10800,7657
10176,7157
10481,7295
10504,7536
10799,7749
11124,7853
10877,7623
10549,7596
10293,7176
10636,7585
10366,7384
10504,7564
10748,7575
10354,7549
11048,7949
10584,7400
10680,7573
10828,7760
10527,7470
10276,7365
10681,7522
10207,7303
10720,7666
10265,7181
10401,7375
10594,7571
10658,7732
10323,7379
10650,7655
10763,7694
10527,7510
11013,7787
10550,7641
10314,7056
10784,7691
10590,7594
10846,7777
10320,7568
11120,7875
10213,7257
10326,7464
10404,7227
10928,7717
10434,7499
10334,7163
10451,7389
10666,7584
10312,7408
10360,7485
10328,7336
10959,7837
10192,7304
10474,7535
10340,7533
10507,7495
10379,7307
10877,7779
10525,7646
10251,7550
10701,7665
10450,7327
9933,6893
10854,7679
10945,7801
10727,7601
10893,7689
10353,7349
10292,7348
10809,7621
10033,6756
9978,7219
10518,7529
10814,7533
10636,7478
10591,7623
11060,7523
10336,7334
10670,7640
10827,7805
10249,7244
10996,7903
11214,7959
9889,6712
10662,7667
10575,7621
10521,7661
10523,7696
10540,7621
10563,7614
10420,7638
10397,7524
10600,7735
10519,7579
10479,7588
10779,7550
10545,7518
10725,7639
11158,7937
10929,7616
10008,7119
10420,7397
10563,7544
10620,7561
10121,7252
10442,7479
11081,7798
10603,7738
11126,7936
11017,7925
10318,7527
10079,7227
10182,7279
10738,7710
10842,7557
10530,7245
10853,7646
11037,7792
10060,7215
10699,7641
10420,7207
10564,7458
10800,7691
10599,7641
10156,7279
10876,7819
10288,7493
10393,7316
10291,7366
10831,7669
11196,7895
10705,7663
10764,7699
10549,7502
9989,7387
10166,7138
11074,7613
10460,7473
10518,7482
9740,6849
9586,6673
10582,7511
10624,7512
10990,7633
10584,7771
10624,7657
10727,7585
10631,7593
10579,7415
11016,7776
10510,7461
10823,7597
10552,7554
10668,7537
10684,7800
10658,7514
10708,7659
10844,7699
10832,7718
10483,7634
10675,7790
10681,7654
10474,7507
10299,7256
9910,6901
10758,7714
10400,7449
10345,7435
10600,7646
10903,7737
10564,7501
10587,7507
10479,7587
10802,7813
10428,7405
10563,7544
10545,7610
10544,7309
10532,7482
10445,7372
9651,6900
10758,7746
10776,7549
10185,7332
10468,7287
10685,7593
10354,7262
10592,7547
10501,7531
10396,7538
10603,7582
10294,7455
10487,7536
10923,7714
10692,7567
10493,7594
10736,7622
10071,7140
11470,8277
10567,7575
10570,7565
10776,7610
10466,7294
10805,7663
10344,7416
10552,7673
10669,7455
10947,7555
10847,7825
10548,7385
10761,7766
10842,7597
10586,7532
10384,7619
10672,7477
10756,7677
10324,7498
9844,6780
10266,7294
11069,7926
10331,7423
10674,7655
10318,7387
10219,7225
10047,7399
10884,7811
10171,7399
10523,7418
10617,7535
10630,7627
10264,7478
10400,7213
11442,7977
10797,7544
10141,7125
10535,7638
10607,7536
10534,7475
10599,7633
10592,7666
10069,7105
10373,7517
10777,7705
10021,7045
11080,7892
11354,7982
10937,7704
10641,7588
11715,8000
10528,7395
11322,7750
10890,7760
11047,7787
10574,7461
10778,7508
10668,7556
10444,7163
11047,7581
11353,8109
10535,7656
10785,7686
10618,7449
10440,7376
11268,7754
10655,7567
10489,7485
10787,7674
10517,7712
10577,7418
11192,7777
10932,7775
10583,7603
10565,7712
10619,7615
10793,7630
10275,7421
10940,7868
10649,7633
10597,7614
9990,7112
10582,7576
10611,7546
11586,8058
10345,7513
11128,7666
9965,6961
10621,7613
10308,7404
10578,7553
10453,7457
11051,7621
10623,7693
10249,7316
10967,7705
10961,7891
10492,7595
10523,7479
11134,8047
9520,7183
10670,7584
10642,7647
10530,7484
10670,7654
10982,7673
10813,7800
10407,7293
10844,7565
10952,7577
10433,7515
10589,7659
10888,7569
10855,7497
10673,7576
10758,7786
11070,7588
10455,7668
10582,7726
10847,7700
10862,7563
10684,7656
10473,7527
10499,7644
10628,7638
10163,7209
10509,7687
10108,7181
10642,7511
10218,7175
10344,7308
10364,7437
10280,7400
10456,7656
10335,7439
11173,7835
9951,7343
10446,7386
10443,7585
10088,7046
10218,7161
9627,6727
10190,7243
10231,7273
10560,7687
10769,7830
11027,7928
10330,7407
10943,7652
10806,7673
10601,7627
10800,7607
10518,7543
10786,7637
10661,7668
10934,7613
10263,7180
10314,7265
11417,8052
10988,7718
11033,7816
9906,7182
10863,7720
10907,7711
10600,7591
10784,7623
10770,7734
10566,7573
10456,7464
10906,7613
10521,7198
10721,7421
10584,7626
11161,7784
10408,7115
10710,7502
10782,7586
10575,7721
10919,7469
10903,7767
10618,7628
10691,7743
10477,7503
10893,7770
10585,7365
10615,7478
10389,7553
10925,7728
10876,7694
9795,6532
10420,7476
11175,7764
10455,7403
11038,7552
10706,7808
10551,7679
10956,7603
10674,7583
10546,7387
10488,7307
10540,7069
10426,7452
10579,7652
10642,7603
10208,7343
10739,7735
10937,7651
10795,7689
10157,7075
10770,7638
11002,7794
9995,7166
11056,7874
10724,7671
10881,7686
10754,7640
11548,8229
10443,7623
10164,6929
10773,7796
10642,7688
10379,7577
10941,7720
10061,7251
10372,7387
9223,6187
9053,6146
9172,6260
9103,6158
9028,6175
8942,6257
9210,6353
9113,6335
9008,6145
9114,6297
9740,6832
9319,6383
8959,6295
9634,6959
8933,6045
9216,6251
9139,6231
10261,7624
8701,5919
8864,6042
8786,6040
9889,7310
8871,6178
10041,7285
9932,7200
8751,6017
10039,7336
10085,7354
10099,7440
9986,7094
10265,7469
10251,7476
10160,7453
10231,7373
9784,7289
10065,7412
10105,7379
10156,7544
10525,7608
8944,6368
10311,7412
10038,7371
10166,7383
10317,7345
10149,7379
9841,7151
9893,7234
