346326
225211
81426
37524
24840
17347
13498
10634
8680
7286
6227
5561
4899
4380
3917
3617
3247
3039
2859
2597
2296
2179
2133
2019
1816
1837
1625
1585
1470
1417
1360
1296
1258
1214
1099
1099
994
978
871
960
893
862
841
782
744
717
763
702
693
714
610
612
612
581
549
587
532
519
544
495
452
463
478
441
450
436
431
426
408
384
410
359
375
320
331
389
353
328
342
320
292
298
271
292
301
302
259
271
255
275
253
261
270
239
231
238
238
228
245
235
197
219
217
191
202
200
210
196
199
176
181
171
168
178
178
158
178
181
134
187
181
177
159
152
149
153
149
169
142
157
152
139
145
137
155
123
129
128
135
145
117
139
124
128
96
111
119
128
141
125
120
108
104
109
95
111
111
97
105
103
102
105
97
97
92
95
119
94
98
107
87
99
82
91
88
94
77
83
81
82
80
102
90
84
80
90
81
83
77
70
90
73
71
64
66
81
70
86
81
73
75
58
79
71
67
62
56
59
67
68
56
68
60
65
77
52
71
78
69
69
54
56
65
62
53
64
64
54
46
51
54
53
54
67
48
64
42
58
60
52
47
64
57
41
53
55
48
57
44
50
47
59
48
45
61
43
47
45
48
48
40
46
49
46
53
54
32
41
42
28
47
30
37
41
43
54
36
39
48
38
40
41
41
33
39
40
47
40
47
43
37
51
39
36
34
41
39
32
37
38
27
37
30
25
38
23
43
37
35
30
38
36
36
36
21
29
29
39
30
31
31
30
29
41
35
37
35
28
23
23
45
28
27
19
25
25
32
33
17
26
41
26
30
34
33
29
24
34
27
35
32
29
30
35
23
24
28
26
32
30
33
23
31
29
22
24
24
24
20
23
31
17
26
31
25
26
38
32
23
16
19
26
23
23
19
21
27
20
28
24
36
28
25
28
31
27
26
22
25
16
20
19
19
26
22
22
22
12
19
17
14
20
22
16
26
21
15
18
18
18
19
25
19
21
24
22
18
20
31
13
18
28
18
13
15
22
16
12
27
12
29
17
28
22
21
13
16
16
22
17
19
23
13
15
16
26
21
19
11
17
19
17
10
19
12
20
15
18
14
14
13
22
11
12
11
15
25
15
11
20
9
19
20
21
13
10
11
13
16
19
13
13
19
18
23
9
18
16
12
13
14
13
16
17
18
20
12
15
7
17
14
15
14
13
13
18
20
14
21
12
7
11
15
17
14
15
14
8
11
16
14
16
19
14
12
12
12
14
13
11
10
9
16
8
14
14
11
11
11
13
13
13
14
18
18
13
10
11
11
14
15
14
10
15
12
14
20
9
11
7
13
13
10
9
15
11
10
12
7
13
15
8
11
18
4
8
5
14
8
14
18
14
21
13
9
17
16
10
12
11
15
11
10
18
9
7
14
11
14
5
15
6
6
13
14
7
11
12
5
14
7
8
14
7
12
16
7
9
12
7
11
12
6
12
15
10
5
10
12
8
14
8
9
10
8
3
14
8
8
8
8
8
3
7
12
8
11
8
8
11
13
9
8
9
8
7
4
3
19
6
5
11
2
9
7
16
7
16
10
9
10
12
8
4
5
7
11
10
10
10
5
18
10
12
14
3
10
9
11
11
8
14
9
11
14
3
12
13
12
11
14
8
8
10
9
14
10
5
8
8
12
16
6
7
3
5
14
5
9
8
8
10
2
7
6
7
12
9
8
8
7
7
9
8
4
9
7
4
6
12
8
6
4
6
6
6
7
9
6
6
5
5
5
11
5
9
7
6
9
6
7
3
8
5
5
11
8
4
4
13
8
4
6
5
7
9
2
8
4
9
7
8
10
8
11
7
11
12
6
9
6
9
3
5
3
9
10
5
8
6
6
8
7
5
4
5
6
7
8
14
4
3
6
12
8
7
11
7
6
9
3
6
8
7
10
5
7
8
6
8
10
3
6
7
3
6
7
9
7
7
9
1
7
5
6
4
2
5
8
8
7
8
7
4
8
6
7
7
6
10
6
2
7
6
7
10
1
9
3
7
5
4
7
7
7
9
3
4
2
4
5
8
6
4
5
2
5
1
5
2
8
3
5
4
3
9
5
8
11
5
9
4
3
4
3
3
6
3
5
5
6
6
6
5
5
4
6
8
7
5
6
6
3
5
6
3
8
7
6
7
6
8
5
3
3
5
7
0
2
3
4
6
7
9
8
4
7
4
5
1
9
9
7
3
6
6
4
4
6
3
5
9
4
7
6
3
8
4
7
5
3
5
6
2
5
2
5
6
1
6
2
8
5
5
3
1
5
1
3
3
7
7
5
3
2
3
2
8
1
2
3
6
5
5
10
4
5
9
4
6
5
6
2
6
3
4
10
4
6
5
0
4
7
0
3
5
2
4
2
4
4
4
3
8
4
4
7
7
4
1
4
1
7
3
5
4
6
4
3
3
6
2
6
5
7
3
3
4
1
1
4
1
1
4
3
3
8
3
3
4
5
5
5
4
1
2
3
2
4
0
8
4
4
2
3
1
2
5
2
3
1
6
1
6
2
2
7
6
2
1
3
3
3
5
2
4
0
3
1
3
5
3
2
3
3
6
3
3
2
2
3
6
3
4
2
3
4
3
1
5
4
3
3
6
1
4
6
1
5
1
6
8
2
4
4
4
4
5
2
2
4
1
7
2
6
1
2
5
2
3
3
5
5
6
1
6
6
3
4
1
6
6
6
4
2
3
4
2
1
3
3
4
3
1
3
3
2
2
3
2
2
1
3
3
4
4
2
3
4
8
3
3
5
3
2
3
1
3
4
3
3
4
6
4
3
2
4
4
4
2
3
4
2
1
5
1
0
5
3
0
2
5
4
1
1
3
3
1
2
4
4
4
4
1
2
3
4
2
2
1
4
3
4
1
2
4
2
5
3
2
1
2
3
4
6
3
0
5
2
5
0
2
5
1
2
4
2
1
2
0
6
2
3
5
2
5
1
8
3
2
3
1
3
2
1
1
5
1
2
5
3
3
0
1
3
4
5
3
3
3
5
1
2
1
6
4
2
1
4
2
1
4
4
1
0
2
3
1
2
4
4
2
3
2
3
4
3
3
2
5
4
4
6
4
3
4
0
1
3
3
2
2
5
3
4
2
1
3
2
1
1
0
2
4
6
3
6
5
1
5
6
2
3
2
2
3
3
1
1
4
2
2
2
1
2
4
0
3
1
4
2
1
2
2
3
1
2
6
0
1
1
2
4
0
2
1
1
1
4
3
1
4
1
4
2
2
2
2
3
2
0
2
1
4
3
3
3
3
3
5
0
0
4
1
2
1
1
2
5
3
1
4
1
0
4
2
0
3
2
0
4
0
0
2
2
3
1
1
3
2
2
2
3
2
2
0
1
2
3
3
2
0
2
2
5
2
0
2
0
2
1
1
0
0
1
2
3
3
3
2
2
3
5
2
5
5
2
3
3
2
1
2
2
1
3
3
3
2
2
4
3
5
2
2
2
1
1
0
2
1
2
0
2
2
4
1
1
2
1
3
3
1
5
2
4
1
2
1
5
6
0
2
5
3
2
2
0
2
0
1
0
4
2
4
5
0
3
0
1
1
3
2
0
2
2
0
2
3
0
1
4
2
1
5
1
3
1
2
3
4
2
6
4
0
1
1
2
1
0
2
1
1
3
1
2
3
4
0
3
1
4
7
1
0
2
0
3
1
2
1
2
1
1
2
0
0
2
2
3
2
3
3
1
1
1
4
1
2
1
2
3
3
4
4
1
4
3
2
1
0
2
1
2
3
2
0
2
2
0
0
1
2
0
3
1
2
1
0
1
0
5
1
1
1
1
0
4
0
0
1
4
1
2
3
5
3
2
1
2
1
1
2
2
0
1
3
4
0
0
3
3
1
4
2
3
0
3
0
0
0
2
2
1
1
0
1
0
2
2
1
1
1
3
2
1
2
2
1
1
1
1
1
0
2
4
2
0
1
0
3
1
6
0
3
1
3
1
1
1
1
0
0
1
2
0
1
0
1
1
2
2
0
0
2
2
1
3
0
4
2
0
2
4
1
0
1
2
4
2
2
3
2
4
0
3
1
1
1
1
2
3
2
1
0
1
0
0
0
2
3
1
1
3
0
3
3
0
1
2
3
4
3
3
1
1
2
4
2
1
0
1
1
1
2
2
0
3
1
1
3
0
2
0
2
4
3
1
2
1
3
0
2
0
0
0
0
2
0
1
0
2
1
0
4
0
2
2
0
1
1
0
2
2
2
1
0
4
3
0
0
3
1
0
1
0
1
0
1
2
0
2
2
0
2
1
2
1
3
0
0
1
1
3
0
0
0
2
1
0
0
1
0
0
4
1
0
0
1
0
0
0
1
1
1
2
2
0
0
2
1
1
1
1
0
1
1
0
0
2
0
1
3
0
0
1
0
0
0
0
0
0
1
2
0
0
1
0
0
1
0
0
3
0
0
0
0
0
1
1
2
0
2
1
1
0
0
0
1
0
0
0
3
0
0
1
1
1
1
0
2
1
3
3
1
0
0
0
0
0
2
1
2
0
0
0
0
0
0
1
0
0
0
0
2
1
0
1
1
0
1
0
2
1
2
0
1
0
1
0
1
1
3
1
0
1
1
2
0
0
0
1
1
0
4
1
0
0
0
1
1
0
1
0
1
0
0
0
1
2
1
0
0
0
0
1
0
1
0
0
1
1
0
0
0
1
0
1
0
0
0
1
4
1
1
0
2
2
0
0
1
0
0
1
2
1
2
1
0
0
0
2
0
1
0
0
2
0
0
1
1
4
1
2
0
0
0
1
2
0
0
1
0
1
0
1
0
0
1
1
0
0
3
1
2
1
0
0
2
0
0
0
0
0
1
0
1
1
0
0
0
0
0
0
0
0
0
0
0
0
