77882
366121
249795
66524
56356
32295
28725
20178
18493
14151
13508
10775
10305
8683
8391
7146
7011
6161
6046
5238
5319
4545
4496
4237
4041
3592
3661
3448
3313
3067
2972
2841
2627
2619
2438
2305
2400
2152
2177
2055
2018
1888
1874
1739
1779
1708
1622
1535
1577
1496
1489
1464
1442
1373
1356
1344
1276
1225
1260
1134
1187
1203
1105
1052
1097
1020
1103
954
991
913
975
857
853
810
865
827
863
812
776
705
758
758
747
679
687
633
698
660
672
575
642
658
629
644
606
578
580
567
562
566
577
523
522
521
501
481
487
487
484
461
496
461
461
432
440
457
442
402
470
405
466
374
439
427
377
379
421
377
400
374
361
346
374
346
361
350
366
358
365
323
278
329
310
304
316
334
298
272
291
289
298
269
279
284
255
280
291
260
260
272
279
238
237
251
296
249
252
241
251
230
240
254
234
228
233
236
240
238
235
210
229
236
241
222
219
202
228
202
243
216
215
191
214
208
204
169
184
197
193
188
204
195
167
181
192
194
168
157
182
176
166
166
148
157
172
165
139
164
148
164
160
133
157
136
142
158
176
139
135
138
148
171
153
145
141
137
137
131
146
133
125
124
137
116
143
129
138
142
158
125
117
118
148
137
130
115
133
120
130
125
116
120
101
119
119
121
126
115
137
135
109
110
118
103
105
116
112
104
108
109
134
111
107
93
115
103
110
97
96
94
126
85
103
114
108
91
90
84
98
98
106
78
87
99
90
77
83
85
85
94
89
96
89
80
101
89
82
72
108
84
86
87
89
96
89
85
95
80
91
81
66
76
82
65
94
90
72
85
81
82
84
90
59
67
77
84
58
66
83
65
56
72
75
78
84
81
64
87
72
74
64
54
70
64
68
66
67
50
74
74
61
58
72
66
58
53
63
49
70
54
67
66
52
56
59
62
69
64
47
42
67
57
60
68
66
49
49
58
54
63
45
65
60
61
72
53
56
48
64
51
59
50
61
46
44
58
52
65
70
49
57
64
47
60
49
54
47
67
47
51
52
39
45
36
56
59
49
58
41
43
68
45
44
51
60
59
41
56
44
54
50
43
46
38
44
48
38
51
44
43
48
54
57
48
42
49
42
32
47
49
46
33
39
40
47
34
37
49
47
41
39
43
41
37
42
42
40
33
39
37
25
34
39
46
42
29
44
31
41
44
54
31
46
36
32
36
34
40
46
32
40
46
44
37
36
39
36
24
39
44
39
30
34
30
30
30
34
37
32
43
45
32
27
32
24
31
30
41
35
38
38
25
36
30
50
34
38
21
39
27
29
30
34
35
20
38
31
40
35
21
28
35
43
32
23
36
29
37
29
30
22
24
32
36
28
29
37
22
31
32
41
30
39
29
39
20
33
24
28
34
37
29
31
34
33
35
40
27
34
19
41
33
30
22
26
21
33
31
33
28
50
23
42
29
19
32
24
32
24
20
32
22
28
27
31
30
31
19
17
21
30
21
22
27
23
24
28
22
19
18
30
17
29
18
29
25
24
18
31
15
24
17
29
26
27
21
20
22
23
30
23
31
14
24
23
22
15
19
21
27
27
22
21
24
27
30
23
21
20
28
19
18
18
21
17
17
32
24
24
20
18
14
25
21
28
15
19
15
22
18
17
19
25
17
17
18
34
18
22
22
22
20
14
21
24
26
19
23
22
25
15
21
19
28
29
24
22
20
23
17
13
26
31
16
24
15
26
26
24
16
18
17
14
21
27
18
15
18
25
23
24
17
18
13
24
16
26
15
19
18
20
26
19
16
16
19
23
22
19
22
13
23
23
12
16
19
20
7
20
14
15
18
20
17
12
19
14
19
17
22
25
12
11
25
16
17
13
21
13
11
16
17
22
19
21
17
19
12
16
9
15
19
25
11
20
19
20
9
8
15
23
14
15
8
17
19
15
19
23
18
13
13
13
16
16
15
16
17
21
18
24
12
19
14
27
9
19
18
11
17
22
20
12
20
14
12
14
16
16
12
10
10
16
16
17
13
27
12
6
20
5
8
20
6
13
12
21
8
6
14
24
13
18
18
24
11
21
14
15
14
17
8
19
10
14
11
6
11
17
12
12
14
16
6
16
12
12
6
12
18
17
14
12
10
15
13
14
6
12
10
14
17
12
10
14
15
13
11
8
8
16
11
12
7
16
11
15
15
17
12
16
8
12
9
15
16
16
10
7
14
9
15
12
15
13
13
6
16
8
12
8
9
11
10
10
11
13
11
12
6
11
13
10
8
11
8
17
13
9
14
12
8
14
10
12
14
18
12
16
8
19
13
11
11
10
12
16
10
12
16
16
15
18
9
10
16
10
17
11
9
9
7
7
13
14
10
13
12
10
12
11
15
19
8
9
15
12
7
9
8
5
11
12
9
11
8
21
13
8
9
19
8
13
6
12
11
16
16
11
6
13
11
5
9
13
13
11
8
11
10
11
14
12
12
12
10
8
7
10
5
9
9
8
13
10
11
8
6
9
13
15
14
10
13
5
12
9
13
15
10
13
7
9
9
11
6
20
10
7
10
14
14
13
9
7
10
14
9
9
6
12
7
15
3
12
12
8
15
5
12
5
10
16
8
11
9
14
12
15
5
6
10
10
4
9
4
7
7
8
9
8
11
7
11
5
8
4
15
12
10
10
8
8
2
8
3
13
4
10
8
12
10
6
6
8
9
8
11
9
9
7
9
10
11
5
6
11
6
10
11
12
10
9
5
6
7
5
3
9
5
14
6
8
10
4
4
14
8
11
5
3
7
7
2
11
8
9
13
8
5
13
5
11
16
5
9
9
10
12
7
5
5
13
8
4
8
9
10
9
13
13
9
6
6
7
11
12
8
14
10
9
12
4
5
7
5
12
6
9
2
3
12
10
7
10
8
5
9
10
5
5
8
8
2
4
8
6
9
7
13
8
10
6
10
7
7
10
5
5
4
4
3
7
7
9
6
6
9
4
5
11
5
14
6
11
3
8
4
10
7
11
10
6
7
7
7
4
12
7
8
8
9
8
11
8
8
2
7
6
2
9
8
7
6
3
1
8
5
9
9
5
5
8
8
7
5
8
6
7
13
9
5
7
7
7
7
9
10
3
13
12
11
5
2
6
6
10
5
5
10
12
12
5
11
3
6
10
10
8
7
6
8
9
1
5
10
5
4
4
6
3
3
6
6
5
4
10
7
9
5
7
6
4
3
8
5
2
7
4
5
4
9
5
6
4
6
5
4
8
4
8
7
6
13
6
3
2
12
3
4
3
10
7
7
6
10
7
12
11
8
11
5
9
5
8
6
6
6
4
5
1
7
8
4
9
7
4
7
8
10
5
6
6
11
9
3
3
9
10
8
7
3
2
9
11
8
5
2
4
10
7
3
3
3
5
4
7
2
8
6
7
9
5
6
5
5
9
2
5
6
4
9
3
4
10
3
3
4
7
5
6
3
5
5
7
7
3
1
4
9
5
7
6
6
3
7
10
2
2
2
7
5
7
6
4
9
4
2
9
6
4
8
11
5
14
4
6
3
7
3
5
5
7
5
8
5
3
6
8
5
7
6
0
2
7
8
3
7
5
5
8
4
4
7
2
3
6
4
5
3
2
9
3
1
3
4
3
6
7
7
7
5
4
5
6
1
9
11
5
7
4
3
3
2
8
5
5
2
5
6
8
4
7
8
6
3
8
5
3
4
3
3
2
1
7
5
7
2
8
6
5
3
6
6
4
6
3
3
6
4
4
9
7
3
4
7
7
3
10
6
6
2
5
4
5
4
6
2
4
2
3
6
6
3
4
4
2
5
4
5
1
4
6
9
6
5
3
6
8
6
6
4
5
6
7
5
5
6
6
11
2
4
6
3
8
5
7
3
2
3
2
2
6
1
4
6
4
4
4
0
3
1
6
4
7
4
6
4
7
3
6
8
2
7
6
4
9
4
12
7
8
6
8
5
1
5
5
4
7
3
5
1
4
5
5
2
8
3
5
3
4
9
3
4
4
5
4
5
6
5
8
6
2
10
3
3
3
3
5
7
7
9
2
3
4
5
8
4
3
5
7
4
5
6
4
0
13
1
5
5
6
2
8
3
7
7
1
5
3
0
1
5
2
6
2
6
4
5
1
2
6
4
3
5
1
3
4
7
5
5
2
7
3
2
2
2
8
3
5
6
5
4
2
1
4
5
6
6
5
6
5
6
5
3
1
3
4
5
5
1
4
2
5
3
6
6
13
1
6
4
3
4
8
3
5
6
5
4
0
1
7
4
5
1
4
5
8
4
6
1
4
3
1
6
8
3
8
8
7
3
7
2
2
3
7
8
4
2
5
5
6
6
4
4
6
5
2
11
3
3
6
1
2
5
7
2
8
1
1
5
6
1
9
4
4
5
2
5
6
5
0
2
4
4
2
7
5
5
7
3
4
8
5
2
6
6
3
2
5
10
7
2
5
2
5
3
5
3
6
3
7
4
3
5
8
4
4
4
3
2
1
5
3
2
4
3
5
7
4
3
8
6
8
4
6
6
4
3
5
6
2
7
4
8
2
3
6
8
3
5
4
3
5
3
6
2
4
2
5
4
5
3
5
5
1
3
6
7
10
3
4
3
5
4
1
2
4
4
10
4
4
6
5
9
6
4
3
9
2
6
4
1
6
2
7
2
4
3
2
4
6
1
6
3
8
6
4
2
8
2
3
0
3
3
8
1
4
2
5
2
6
7
7
4
4
1
5
8
5
0
4
4
4
3
7
1
5
4
9
4
5
3
5
2
9
2
4
4
4
4
2
6
5
4
4
2
5
4
3
4
1
0
7
6
6
3
7
3
8
5
9
6
5
3
5
5
4
2
8
8
5
7
9
5
10
4
8
5
8
8
8
8
10
1
13
1
8
3
11
5
16
7
20
4
10
6
11
4
8
