14352
152837
149705
37987
37521
19807
19570
12752
12764
9132
9143
7139
7123
5832
5812
4839
4872
4120
3926
3625
3571
3183
3019
2727
2851
2485
2493
2262
2244
2046
2139
1809
1858
1633
1708
1617
1573
1537
1486
1442
1397
1305
1354
1244
1230
1184
1221
1055
1179
1032
1055
1008
951
949
912
936
860
794
843
806
823
760
814
702
710
729
703
704
662
644
639
636
613
584
629
548
551
516
544
543
518
500
523
529
511
531
479
430
484
460
428
410
471
412
432
417
427
393
436
356
383
395
372
350
382
332
353
346
336
346
333
322
302
347
360
367
325
314
290
279
296
291
297
280
288
266
286
252
285
255
296
264
239
253
261
263
263
196
238
232
251
221
235
212
264
183
223
230
212
207
232
186
219
224
213
187
225
184
225
162
221
192
179
185
177
168
183
159
188
165
174
160
186
170
161
145
185
169
153
149
169
152
174
161
151
133
168
128
154
133
140
166
133
131
148
129
157
138
134
124
141
135
131
119
110
135
129
134
121
127
124
105
116
121
113
115
137
110
108
100
104
122
128
103
117
115
134
103
128
100
117
106
91
93
106
95
112
87
100
114
92
105
118
105
110
115
100
97
107
89
87
87
117
110
101
73
100
91
83
83
89
90
70
79
91
89
85
75
95
79
72
81
97
87
97
83
84
102
80
77
70
88
75
75
79
81
80
91
73
71
62
67
64
69
89
73
56
62
81
71
56
69
67
58
80
69
65
60
65
62
72
70
85
62
72
67
69
71
55
63
65
56
57
63
50
62
66
56
58
46
55
68
61
76
66
73
73
62
67
57
43
46
58
62
67
63
50
56
78
44
61
45
62
43
45
55
53
72
55
49
57
61
57
36
68
50
57
54
56
49
48
46
54
56
69
57
42
48
48
45
51
45
42
44
38
45
51
40
47
50
55
53
43
38
54
50
47
36
41
52
56
40
36
25
47
31
40
30
46
48
50
41
43
34
48
43
42
35
41
47
30
41
41
25
37
48
44
29
41
34
40
38
36
30
43
41
38
34
42
40
44
43
38
44
33
43
32
37
29
35
34
43
27
39
29
33
44
38
38
41
31
33
40
24
32
31
40
30
35
28
34
27
29
32
38
26
26
35
27
39
26
26
33
31
28
27
40
25
30
29
35
38
20
34
28
29
39
30
34
28
30
25
35
25
27
27
33
33
25
22
28
30
26
19
27
26
25
27
23
32
35
29
34
39
28
26
21
28
29
16
29
36
29
20
27
23
30
30
32
30
23
26
24
23
30
28
26
24
26
23
18
23
28
22
25
30
23
25
26
28
27
26
26
26
28
37
30
23
28
19
28
19
28
22
30
16
20
23
24
26
19
21
23
20
16
27
23
25
26
21
26
21
26
24
26
21
18
17
23
23
19
19
22
29
19
13
20
20
27
22
25
23
24
22
25
23
24
13
22
17
23
22
20
22
19
15
24
22
20
17
22
13
15
16
19
25
19
18
17
19
17
15
22
18
23
14
19
22
16
17
13
16
19
16
20
26
22
22
17
15
20
21
18
22
24
14
27
17
21
20
17
17
19
24
22
19
21
16
17
19
18
17
19
19
19
19
21
17
23
17
22
20
22
19
12
19
20
19
23
16
25
20
15
22
12
16
17
20
12
13
21
16
23
19
17
18
16
16
14
10
13
12
17
13
20
14
11
11
19
10
14
17
14
21
16
17
13
17
19
19
22
12
16
15
19
18
20
9
15
14
18
13
14
19
16
12
27
15
11
10
17
19
16
18
21
12
20
22
11
10
16
14
12
12
21
17
14
13
15
10
11
13
13
11
13
13
21
9
16
19
11
23
12
13
10
11
13
11
14
14
12
16
13
11
15
15
19
10
22
15
12
11
6
8
10
15
16
17
19
10
18
10
14
11
16
17
9
16
11
11
8
15
13
13
12
17
15
5
14
10
12
9
16
10
11
5
11
13
14
14
14
3
11
14
7
15
12
8
15
14
12
9
13
11
17
10
14
10
18
9
20
16
10
14
19
16
5
9
17
13
12
8
13
13
10
11
17
12
8
7
11
14
6
8
13
9
10
11
10
7
13
12
11
7
14
5
13
8
11
10
13
7
14
11
9
14
6
11
13
13
12
11
21
12
17
13
22
13
14
11
10
6
8
11
13
16
6
6
9
7
13
10
15
13
6
6
15
7
10
14
5
7
13
14
8
12
8
9
16
6
9
9
9
7
11
11
11
6
11
8
7
9
6
13
9
12
7
7
12
13
11
11
9
13
10
10
16
12
7
11
7
8
11
15
9
8
12
8
12
10
9
8
10
6
10
13
13
5
11
10
9
12
9
8
12
9
10
10
8
5
4
5
10
8
7
5
6
8
11
8
12
5
8
7
8
14
8
11
16
8
5
8
5
7
10
9
10
9
7
8
6
3
9
7
9
10
6
7
12
9
7
13
10
3
8
7
8
5
9
3
6
12
6
8
9
4
6
9
9
6
10
9
11
8
7
15
7
17
6
7
6
8
6
5
6
6
7
7
13
3
14
7
8
5
6
5
3
5
10
9
9
18
8
7
8
8
7
9
8
8
8
8
8
10
6
8
9
6
5
6
10
5
12
8
8
7
7
8
7
6
11
5
6
11
14
9
8
10
7
2
8
7
9
4
7
11
9
8
7
10
5
4
10
8
9
5
7
5
5
3
9
8
9
9
3
3
6
8
9
11
8
8
7
7
5
6
5
4
5
10
8
4
6
3
6
9
12
3
11
8
4
8
7
5
6
9
5
8
3
5
9
7
8
7
12
5
5
7
8
6
7
8
9
4
7
5
12
6
6
9
3
10
7
11
3
5
11
6
7
4
4
4
9
12
4
4
8
9
9
7
4
9
4
8
7
8
7
6
8
6
3
5
10
5
6
5
3
7
9
6
6
5
3
11
7
6
4
4
5
11
6
5
8
5
9
4
6
6
5
7
8
6
3
4
8
8
6
6
9
12
6
7
8
6
5
3
8
3
5
11
6
4
7
6
9
3
5
5
10
6
4
7
7
6
6
4
8
7
7
4
10
4
7
4
9
3
3
13
3
9
2
5
5
6
5
3
4
5
6
7
4
10
4
9
6
6
3
4
3
7
3
14
1
5
3
6
7
9
6
7
5
2
4
4
7
6
4
5
8
3
5
10
8
3
7
6
4
3
7
7
5
6
8
6
6
5
8
6
6
6
5
5
9
9
3
8
6
4
6
9
5
4
7
4
5
6
6
7
5
7
4
5
1
4
9
2
9
6
4
6
3
4
5
3
3
7
7
5
4
2
6
7
6
7
9
5
5
8
1
3
5
1
5
8
10
9
5
4
2
4
8
4
5
3
2
1
2
3
2
5
3
3
4
4
8
6
7
5
5
7
4
3
3
2
3
8
6
6
5
5
7
2
2
5
7
6
6
6
4
6
5
3
11
3
5
5
4
4
3
4
0
5
4
4
5
3
5
5
8
1
3
9
5
3
8
5
2
6
5
4
4
7
4
2
6
4
1
8
4
6
4
2
4
5
3
5
4
5
3
6
7
3
6
4
4
4
4
4
7
2
5
1
5
2
3
1
1
3
5
4
5
5
9
4
4
5
6
5
2
9
7
4
4
7
6
6
4
4
7
1
2
3
11
2
5
5
4
3
8
2
4
6
7
4
2
6
0
4
3
3
6
4
5
4
4
5
6
5
7
2
7
8
5
2
6
3
7
3
3
1
7
7
4
0
7
6
4
3
3
2
4
2
6
5
4
4
7
4
4
3
3
5
3
4
7
5
5
3
6
6
3
2
1
3
4
2
8
3
4
5
4
2
10
0
5
2
4
4
7
4
4
4
4
3
7
7
4
5
3
3
6
2
3
3
6
6
3
2
1
3
5
3
4
3
4
3
4
5
9
3
8
2
7
6
3
5
1
4
5
6
6
4
4
4
8
3
4
3
8
2
6
3
2
2
4
3
2
2
8
5
3
6
4
4
4
6
7
6
7
3
3
1
5
5
3
2
2
2
5
4
7
3
4
1
2
5
4
4
4
3
4
5
8
3
6
4
5
7
4
0
4
8
3
4
4
3
5
3
4
4
6
8
4
6
7
6
3
3
2
5
2
2
2
2
5
4
3
6
4
3
2
0
7
2
1
2
3
4
4
5
2
4
3
1
3
4
6
5
2
5
6
2
5
2
6
3
8
2
8
4
4
4
9
2
11
3
5
4
10
0
4
6
3
6
3
2
3
2
6
2
3
4
6
0
4
7
1
5
7
6
2
6
6
3
5
3
4
3
7
3
3
3
2
6
7
2
7
6
5
1
8
2
4
5
7
6
4
2
9
2
4
3
6
0
1
5
3
1
6
1
2
2
1
6
8
2
1
1
6
2
2
3
7
5
6
3
4
5
5
2
4
3
2
0
3
4
2
3
4
6
3
6
9
3
3
3
10
6
6
2
4
4
6
2
2
3
4
4
1
2
4
3
4
3
2
2
8
2
2
5
9
6
2
6
3
4
2
3
5
5
5
2
7
3
7
4
7
2
5
5
6
2
1
2
5
2
6
3
6
6
2
3
9
2
3
3
6
3
5
2
6
1
3
2
6
5
12
3
7
2
4
6
5
2
5
1
8
5
2
0
4
6
4
1
0
2
2
5
6
5
4
4
4
4
4
1
9
1
4
2
4
4
4
0
7
2
3
2
4
3
4
2
8
2
9
4
4
6
8
6
2
2
4
3
4
3
2
2
6
4
7
3
5
5
6
3
5
4
7
6
6
5
9
2
4
2
7
2
4
4
2
10
7
4
6
1
5
3
9
4
10
2
8
5
9
6
9
4
9
2
4
5
3
4
6
2
7
3
4
2
6
3
11
4
5
2
5
5
5
5
7
0
6
1
4
1
1
1
